participant,jitter,max_alpha,arrow_to,answer,trial,flip,alpha,vbl_expected,vbl_realized,missed
17,11,0.6,right,\LEFT,1,1,0,23288.9416710537,23288.9416710537,-0.00040765015364741
17,11,0.6,right,\LEFT,1,2,0,23289.0366813473,23289.0217065037,0.0695570667230641
17,11,0.6,right,\LEFT,1,3,0,23289.131691641,23289.0717377156,0.0295734159844869
17,11,0.6,right,\LEFT,1,4,0,23289.2267019346,23289.1417925811,-0.000299993909720797
17,11,0.6,right,\LEFT,1,5,0,23289.3217122283,23289.2318650629,-0.00024120290618157
17,11,0.6,right,\LEFT,1,6,0,23289.416722522,23289.3319096773,-0.000248482978349784
17,11,0.6,right,\LEFT,1,7,0,23289.5117328156,23289.421963444,-0.000259918015217409
17,11,0.6,right,\LEFT,1,8,0,23289.6067431093,23289.522036131,0.00975900235425797
17,11,0.6,right,\LEFT,1,9,0,23289.701753403,23289.6121161592,-0.00023365649394691
17,11,0.6,right,\LEFT,1,10,0,23289.7967636966,23289.7119035919,0.0094737479230389
17,11,0.6,right,\LEFT,1,11,0,23289.8917739903,23289.8021979382,-1.93383530131541e-05
17,11,0.6,right,\LEFT,1,12,0.015,23289.9867842839,23289.9022688141,0.00975719121561269
17,11,0.6,right,\LEFT,1,13,0.03,23290.0817945776,23289.9923249957,-0.000257503164903028
17,11,0.6,right,\LEFT,1,14,0.045,23290.1768048713,23290.0924314906,0.00979281028776313
17,11,0.6,right,\LEFT,1,15,0.06,23290.2718151649,23290.1824514494,-0.000293725948722567
17,11,0.6,right,\LEFT,1,16,0.075,23290.3668254586,23290.2825820929,0.00981695880909683
17,11,0.6,right,\LEFT,1,17,0.09,23290.4618357523,23290.3725863551,-0.000309422484860988
17,11,0.6,right,\LEFT,1,18,0.105,23290.5568460459,23290.4726843981,0.00978435830256785
17,11,0.6,right,\LEFT,1,19,0.12,23290.6518563396,23290.5627260905,-0.000271992277703248
17,11,0.6,right,\LEFT,1,20,0.135,23290.7468666333,23290.662808437,0.00976866176279145
17,11,0.6,right,\LEFT,1,21,0.15,23290.8418769269,23290.7528782021,-0.000243919617787469
17,11,0.6,right,\LEFT,1,22,0.165,23290.9368872206,23290.8426144157,-0.000577471091673942
17,11,0.6,right,\LEFT,1,23,0.18,23291.0318975142,23290.9429892612,8.1748075899668e-05
17,11,0.6,right,\LEFT,1,24,0.195,23291.1269078079,23291.0330502724,-0.000252673456998309
17,11,0.6,right,\LEFT,1,25,0.21,23291.2219181016,23291.1331157149,-0.000227654876653105
17,11,0.6,right,\LEFT,1,26,0.225,23291.3169283952,23291.2232496911,-0.000179708447831217
17,11,0.6,right,\LEFT,1,27,0.24,23291.4119386889,23291.3232557522,-0.000287036342342617
17,11,0.6,right,\LEFT,1,28,0.255,23291.5069489826,23291.4232873867,0.00971794986617169
17,11,0.6,right,\LEFT,1,29,0.27,23291.6019592762,23291.5133299847,-0.000271086708380608
17,11,0.6,right,\LEFT,1,30,0.285,23291.6969695699,23291.6034193705,-0.00022429894306697
17,11,0.6,right,\LEFT,1,31,0.3,23291.7919798635,23291.7034778703,-0.000234597573580686
17,11,0.6,right,\LEFT,1,32,0.315,23291.8869901572,23291.7935461261,-0.000245428902417189
17,11,0.6,right,\LEFT,1,33,0.33,23291.9820004509,23291.8936224354,-0.000216788041143445
17,11,0.6,right,\LEFT,1,34,0.345,23292.0770107445,23291.9836900875,-0.000246032614086289
17,11,0.6,right,\LEFT,1,35,0.36,23292.1720210382,23292.0837404372,-0.000242747701122426
17,11,0.6,right,\LEFT,1,36,0.375,23292.2670313319,23292.1737966187,-0.000257503161265049
17,11,0.6,right,\LEFT,1,37,0.39,23292.3620416255,23292.2738635705,-0.000226145595661365
17,11,0.6,right,\LEFT,1,38,0.405,23292.4570519192,23292.3639209595,-0.000256295734288869
17,11,0.6,right,\LEFT,1,39,0.42,23292.5520622128,23292.4639655739,-0.000248482978349784
17,11,0.6,right,\LEFT,1,40,0.435,23292.6470725065,23292.554031113,-0.00024814560674713
17,11,0.6,right,\LEFT,1,41,0.45,23292.7420828002,23292.6540971592,-0.000227051164984005
17,11,0.6,right,\LEFT,1,42,0.465,23292.8370930938,23292.744171754,-0.000239089913520729
17,11,0.6,right,\LEFT,1,43,0.48,23292.9321033875,23292.8442411206,-0.000223730741709005
17,11,0.6,right,\LEFT,1,44,0.495,23293.0271136812,23292.9343033393,-0.000251466030022129
17,11,0.6,right,\LEFT,1,45,0.51,23293.1221239748,23293.0343600279,-0.000236408715863945
17,11,0.6,right,\LEFT,1,46,0.525,23293.2171342685,23293.1244186243,-0.000255088310950669
17,11,0.6,right,\LEFT,1,47,0.54,23293.3121445622,23293.2244786334,-0.000233088292588945
17,11,0.6,right,\LEFT,1,48,0.555,23293.4071548558,23293.3145236462,-0.000268671854428248
17,11,0.6,right,\LEFT,1,49,0.57,23293.5021651495,23293.4146126335,-0.000204110066988505
17,11,0.6,right,\LEFT,1,50,0.585,23293.5971754431,23293.5146774723,0.00975115408436977
17,11,0.6,right,\LEFT,1,51,0.6,23293.6921857368,23293.6047511615,-0.000239995482843369
17,11,0.6,right,\LEFT,1,52,0.6,23293.7871960305,23293.6947892317,-0.000275614554993808
17,11,0.6,right,\LEFT,1,53,0.6,23293.8822063241,23293.794854976,-0.000227353018999565
17,11,0.6,right,\LEFT,1,54,0.6,23293.9772166178,23293.8849120632,-0.000256597591942409
17,11,0.6,right,\LEFT,1,55,0.6,23294.0722269115,23293.9849772038,-0.000227956730668666
17,11,0.6,right,\LEFT,1,56,0.6,23294.1672372051,23294.0750358002,-0.000255088310950669
17,11,0.6,right,\LEFT,1,57,0.6,23294.2622474988,23294.1751127132,-0.000216184329474345
17,11,0.6,right,\LEFT,1,58,0.6,23294.3572577924,23294.2651550094,-0.000271388562396169
17,11,0.6,right,\LEFT,1,59,0.6,23294.4522680861,23294.3652334317,-0.000214675044844626
17,11,0.6,right,\LEFT,1,60,0.6,23294.5472783798,23294.4552612387,-0.000285877675196389
17,11,0.6,right,\LEFT,1,61,0.6,23294.6422886734,23294.5553511316,-0.000203204497665865
17,11,0.6,right,\LEFT,1,62,0.6,23294.7372989671,23294.6454103317,-0.000254484595643589
17,11,0.6,right,\LEFT,1,63,0.6,23294.8323092608,23294.7454827169,-0.000220712176087545
17,11,0.6,right,\LEFT,1,64,0.6,23294.9273195544,23294.8355096184,-0.000286783248157008
17,11,0.6,right,\LEFT,1,65,0.6,23295.0223298481,23294.9356680327,-0.000134683061332908
17,11,0.6,right,\LEFT,1,66,0.6,23295.1173401418,23295.0256484482,-0.000333269152179128
17,11,0.6,right,\LEFT,1,67,0.6,23295.2123504354,23295.1257582636,-0.000183281965291826
17,11,0.6,right,\LEFT,1,68,0.6,23295.3073607291,23295.2157933152,-0.000278633120615268
17,11,0.6,right,\LEFT,1,69,0.6,23295.4023710227,23295.3158663041,-0.000220108460780466
17,11,0.6,right,\LEFT,1,70,0.6,23295.4973813164,23295.4059170522,-0.000262936580838868
17,11,0.6,right,\LEFT,1,71,0.6,23295.5923916101,23295.5059843059,-0.000225843738007825
17,11,0.6,right,\LEFT,1,72,0.6,23295.6874019037,23295.5960426004,-0.000255390164966229
17,11,0.6,right,\LEFT,1,73,0.6,23295.7824121974,23295.6960923464,-0.000243351416429505
17,11,0.6,right,\LEFT,1,74,0.6,23295.8774224911,23295.7861590929,-0.000246938183408929
17,11,0.6,right,\LEFT,1,75,0.6,23295.9724327847,23295.8861946516,-0.000257538671576185
17,11,0.6,right,\LEFT,1,76,0.6,23296.0674430784,23295.9762918856,-0.00021645067317877
17,11,0.6,right,\LEFT,1,77,0.6,23296.162453372,23296.076351291,-0.000233692007896025
17,11,0.6,right,\LEFT,1,78,0.6,23296.2574636657,23296.1663893611,-0.000275614554993808
17,11,0.6,right,\LEFT,1,79,0.6,23296.3524739594,23296.2664807633,-0.000201695213036146
17,11,0.6,right,\LEFT,1,80,0.6,23296.447484253,23296.3565058536,-0.000288594386802288
17,11,0.6,right,\LEFT,1,81,0.6,23296.5424945467,23296.4565978595,-0.000201091497729067
17,11,0.6,right,\LEFT,1,82,0.6,23296.6375048404,23296.546649815,-0.000261729153862689
17,11,0.6,right,\LEFT,1,83,0.6,23296.732515134,23296.6467288411,-0.000214071333175525
17,11,0.6,right,\LEFT,1,84,0.6,23296.8275254277,23296.7367940783,-0.00024844746440067
17,11,0.6,right,\LEFT,1,85,0.6,23296.9225357213,23296.8368827638,-0.000204411924642045
17,11,0.6,right,\LEFT,1,86,0.6,23297.017546015,23296.9269096652,-0.000286783244519029
17,11,0.6,right,\LEFT,1,87,0.6,23297.1125563087,23297.0269334515,-0.000269311080046464
17,11,0.6,right,\LEFT,1,88,0.6,23297.2075666023,23297.1170137816,-0.000233354639931349
17,11,0.6,right,\LEFT,1,89,0.6,23297.302576896,23297.2170756018,-0.000231277153943665
17,11,0.6,right,\LEFT,1,90,0.6,23297.3975871897,23297.3071719302,-0.00021735624250141
17,11,0.6,right,\LEFT,1,91,0.6,23297.4925974833,23297.4072249966,-0.000240030993154505
17,11,0.6,right,\LEFT,1,92,0.6,23297.587607777,23297.4972838949,-0.000254786453297129
17,11,0.6,right,\LEFT,1,93,0.6,23297.6826180707,23297.5973091904,-0.000267801795416744
17,11,0.6,right,\LEFT,1,94,0.6,23297.7776283643,23297.687365372,-0.000257503161265049
17,11,0.6,right,\LEFT,1,95,0.6,23297.872638658,23297.787469754,-0.000188715384865645
17,11,0.6,right,\LEFT,1,96,0.6,23297.9676489516,23297.877547971,-0.00023546763259219
17,11,0.6,right,\LEFT,1,97,0.6,23298.0626592453,23297.9775732666,-0.000267801795416744
17,11,0.6,right,\LEFT,1,98,0.6,23298.157669539,23298.0676635579,-0.000223393373744329
17,11,0.6,right,\LEFT,1,99,0.6,23298.2526798326,23298.167723567,-0.000233088296226924
17,11,0.6,right,\LEFT,1,100,0.6,23298.3476901263,23298.2577770319,-0.000260219869232969
17,11,0.6,right,\LEFT,1,101,0.6,23298.44270042,23298.3578467003,-0.000223428884055465
17,11,0.6,right,\LEFT,1,102,0.6,23298.5377107136,23298.4479119376,-0.000248447468038648
17,11,0.6,right,\LEFT,1,103,0.6,23298.6327210073,23298.5479746634,0.00974904108807095
17,11,0.6,right,\LEFT,1,104,0.6,23298.7277313009,23298.637992811,-0.000295537083729869
17,11,0.6,right,\LEFT,1,105,0.6,23298.8227415946,23298.7380893447,0.00978284901793813
17,11,0.6,right,\LEFT,1,106,0.6,23298.9177518883,23298.8281527708,-0.00025025860304595
17,11,0.6,right,\LEFT,1,107,0.6,23299.0127621819,23298.9282215337,0.00975507821931387
17,11,0.6,right,\LEFT,1,108,0.6,23299.1077724756,23299.0182665466,-0.000268671854428248
17,11,0.6,right,\LEFT,1,109,0.6,23299.2027827693,23299.1183437615,0.00976353020087117
17,11,0.6,right,\LEFT,1,110,0.6,23299.2977930629,23299.2083972263,-0.000260219872870948
17,11,0.6,right,\LEFT,1,111,0.6,23299.3928033566,23299.3084684041,0.00975749307326623
17,11,0.6,right,\LEFT,1,112,0.6,23299.4878136503,23299.3985209633,-0.000261125442193588
17,11,0.6,right,\LEFT,1,113,0.6,23299.5828239439,23299.4986111581,0.00977651003267965
17,11,0.6,right,\LEFT,1,114,0.6,23299.6778342376,23299.5886667359,-0.00025810687293415
17,11,0.6,right,\LEFT,1,115,0.6,23299.7728445312,23299.6887201041,0.00973968353355303
17,11,0.6,right,\LEFT,1,116,0.6,23299.8678548249,23299.7787144051,-0.000319383751048008
17,11,0.6,right,\LEFT,1,117,0.6,23299.9628651186,23299.8788423319,0.00981424209749093
17,11,0.6,right,\LEFT,1,118,0.6,23300.0578754122,23299.9689039468,-0.00025206974169123
17,11,0.6,right,\LEFT,1,119,0.6,23300.1528857059,23300.0589918233,-0.000225808227696689
17,11,0.6,right,\LEFT,1,120,0.6,23300.2478959996,23300.1590436823,-0.000241238420130685
17,11,0.6,right,\LEFT,1,121,0.6,23300.3429062932,23300.2490844691,-0.000272897843387909
17,11,0.6,right,\LEFT,1,122,0.6,23300.4379165869,23300.3491432708,-0.000234295719565125
17,11,0.6,right,\LEFT,1,123,0.6,23300.5329268805,23300.4391985467,-0.000258408734225668
17,11,0.6,right,\LEFT,1,124,0.6,23300.6279371742,23300.5392295776,-0.000262066521827364
17,11,0.6,right,\LEFT,1,125,0.6,23300.7229474679,23300.629288174,-0.00025508830731269
17,11,0.6,right,\LEFT,1,126,0.6,23300.8179577615,23300.7293952727,-0.000185998673259746
17,11,0.6,right,\LEFT,1,127,0.6,23300.9129680552,23300.8294679597,0.00975900235061999
17,11,0.6,right,\LEFT,1,128,0.6,23301.0079783489,23300.9195199153,-0.000261729153862689
17,11,0.6,right,\LEFT,1,129,0.6,23301.1029886425,23301.009569456,-0.000264144004177069
17,11,0.6,right,\LEFT,1,130,0.6,23301.1979989362,23301.1096515006,-0.000211052767554065
17,11,0.6,right,\LEFT,1,131,0.6,23301.2930092299,23301.1996956079,-0.000269577423750889
17,11,0.6,right,\LEFT,1,132,0.6,23301.3880195235,23301.2997722191,-0.000216486183489906
17,11,0.6,right,\LEFT,1,133,0.6,23301.4830298172,23301.3898290043,-0.000256899449595949
17,11,0.6,right,\LEFT,1,134,0.6,23301.5780401108,23301.4898630537,-0.000259047956205904
17,11,0.6,right,\LEFT,1,135,0.6,23301.6730504045,23301.5799249705,-0.000251767887675669
17,11,0.6,right,\LEFT,1,136,0.6,23301.7680606982,23301.6800006762,-0.000217391752812546
17,11,0.6,right,\LEFT,1,137,0.6,23301.8630709918,23301.7700918731,-0.000222487804421689
17,11,0.6,right,\LEFT,1,138,0.6,23301.9580812855,23301.8701084148,-0.000276555634627584
17,11,0.6,right,\LEFT,1,139,0.6,23302.0530915792,23301.9602047433,-0.00021735624250141
17,11,0.6,right,\LEFT,1,140,0.6,23302.1481018728,23302.0602390945,-0.000258746098552365
17,11,0.6,right,\LEFT,1,141,0.6,23302.2431121665,23302.1502992002,-0.000253579026320949
17,11,0.6,right,\LEFT,1,142,0.6,23302.3381224601,23302.2503942246,-0.000198072935745586
17,11,0.6,right,\LEFT,1,143,0.6,23302.4331327538,23302.3404495006,-0.000258408734225668
17,11,0.6,right,\LEFT,1,144,0.6,23302.5281430475,23302.4405209802,-0.000221617745410185
17,11,0.6,right,\LEFT,1,145,0.6,23302.6231533411,23302.5305650875,-0.000269577423750889
17,11,0.6,right,\LEFT,1,146,0.6,23302.7181636348,23302.6306362653,-0.000221919599425746
17,11,0.6,right,\LEFT,1,147,0.6,23302.8131739285,23302.720700597,-0.000249353037361288
17,11,0.6,right,\LEFT,1,148,0.6,23302.9081842221,23302.8207820378,-0.000211656479223166
17,11,0.6,right,\LEFT,1,149,0.6,23303.0031945158,23302.9208384246,0.00974270210281247
17,11,0.6,right,\LEFT,1,150,0.6,23303.0982048094,23303.010892795,-0.000259314303548308
17,11,0.6,right,\LEFT,1,151,0.6,23303.1932151031,23303.1009507877,-0.000255692022619769
17,11,0.6,right,\LEFT,1,152,0.6,23303.2882253968,23303.2010183432,-0.000225541880354285
17,11,0.6,right,\LEFT,1,153,0.6,23303.3832356904,23303.2910838823,-0.000248145610385109
17,11,0.6,right,\LEFT,1,154,0.6,23303.4782459841,23303.3911411747,-0.000235805000556866
17,11,0.6,right,\LEFT,1,155,0.6,23303.5732562778,23303.4812088268,-0.000246032614086289
17,11,0.6,right,\LEFT,1,156,0.6,23303.6682665714,23303.5812265759,-0.000275348207651405
17,11,0.6,right,\LEFT,1,157,0.6,23303.7632768651,23303.6712909076,-0.000249353037361288
17,11,0.6,right,\LEFT,1,158,0.6,23303.8582871588,23303.7714010249,-0.000182980107638286
17,11,0.6,right,\LEFT,1,159,0.6,23303.9532974524,23303.8614240022,-0.000290707383101108
17,11,0.6,right,\LEFT,1,160,0.6,23304.0483077461,23303.9615000097,-0.000217089895159006
17,11,0.6,right,\LEFT,1,161,0.6,23304.1433180397,23304.0515486448,-0.000265049577137688
17,11,0.6,right,\LEFT,1,162,0.6,23304.2383283334,23304.1516174077,-0.000224334453378106
17,11,0.6,right,\LEFT,1,163,0.6,23304.3333386271,23304.2416669484,-0.000264144004177069
17,11,0.6,right,\LEFT,1,164,0.6,23304.4283489207,23304.3417477856,-0.000212260194530245
17,11,0.6,right,\LEFT,1,165,0.6,23304.5233592144,23304.4318012504,-0.000260219869232969
17,11,0.6,right,\LEFT,1,166,0.6,23304.6183695081,23304.5318606558,-0.000233692007896025
17,11,0.6,right,\LEFT,1,167,0.6,23304.7133798017,23304.6219267986,-0.000247541895078029
17,11,0.6,right,\LEFT,1,168,0.6,23304.8083900954,23304.7220006931,-0.000219202895095805
17,11,0.6,right,\LEFT,1,169,0.6,23304.903400389,23304.8120620062,-0.000252371599344769
17,11,0.6,right,\LEFT,1,170,0.6,23304.9984106827,23304.9121355988,-0.000219504749111366
17,11,0.6,right,\LEFT,1,171,0.6,23305.0934209764,23305.0021809135,-0.000268370000412688
17,11,0.6,right,\LEFT,1,172,0.6,23305.18843127,23305.1022647692,-0.000209241625270806
17,11,0.6,right,\LEFT,1,173,0.6,23305.2834415637,23305.1923203471,-0.000258106876572128
17,11,0.6,right,\LEFT,1,174,0.6,23305.3784518574,23305.2923453408,-0.000268103649432305
17,11,0.6,right,\LEFT,1,175,0.6,23305.473462151,23305.3824449897,-0.000214035822864389
17,11,0.6,right,\LEFT,1,176,0.6,23305.5684724447,23305.4825089229,-0.000229164157644846
17,11,0.6,right,\LEFT,1,177,0.6,23305.6634827384,23305.5725557469,-0.000266860715782968
17,11,0.6,right,\LEFT,1,178,0.6,23305.758493032,23305.6726133411,-0.000235503146541305
17,11,0.6,right,\LEFT,1,179,0.6,23305.8535033257,23305.7626942749,-0.00023275092462427
17,11,0.6,right,\LEFT,1,180,0.6,23305.9485136193,NaN,NaN
17,11,0.6,right,\LEFT,1,181,0.6,23306.043523913,NaN,NaN
17,11,0.6,right,\LEFT,1,182,0.6,23306.1385342067,NaN,NaN
17,11,0.6,right,\LEFT,1,183,0.6,23306.2335445003,NaN,NaN
17,11,0.6,right,\LEFT,1,184,0.6,23306.328554794,NaN,NaN
17,11,0.6,right,\LEFT,1,185,0.6,23306.4235650877,NaN,NaN
17,11,0.6,right,\LEFT,1,186,0.6,23306.5185753813,NaN,NaN
17,11,0.6,right,\LEFT,1,187,0.6,23306.613585675,NaN,NaN
17,11,0.6,right,\LEFT,1,188,0.6,23306.7085959686,NaN,NaN
17,11,0.6,right,\LEFT,1,189,0.6,23306.8036062623,NaN,NaN
17,11,0.6,right,\LEFT,1,190,0.6,23306.898616556,NaN,NaN
17,11,0.6,right,\LEFT,1,191,0.6,23306.9936268496,NaN,NaN
17,11,0.6,right,\LEFT,1,192,0.6,23307.0886371433,NaN,NaN
17,11,0.6,right,\LEFT,1,193,0.6,23307.183647437,NaN,NaN
17,11,0.6,right,\LEFT,1,194,0.6,23307.2786577306,NaN,NaN
17,11,0.6,right,\LEFT,1,195,0.6,23307.3736680243,NaN,NaN
17,11,0.6,right,\LEFT,1,196,0.6,23307.468678318,NaN,NaN
17,11,0.6,right,\LEFT,1,197,0.6,23307.5636886116,NaN,NaN
17,11,0.6,right,\LEFT,1,198,0.6,23307.6586989053,NaN,NaN
17,11,0.6,right,\LEFT,1,199,0.6,23307.7537091989,NaN,NaN
17,11,0.6,right,\LEFT,1,200,0.6,23307.8487194926,NaN,NaN
17,11,0.6,right,\LEFT,1,201,0.6,23307.9437297863,NaN,NaN
17,11,0.6,right,\LEFT,1,202,0.6,23308.0387400799,NaN,NaN
17,5,0.6,left,\RIGHT,2,1,0,23308.6746031794,23308.6746031794,-0.000483007748698583
17,5,0.6,left,\RIGHT,2,2,0,23308.7696134731,23308.7045968525,0.0195152897758817
17,5,0.6,left,\RIGHT,2,3,0,23308.8646237667,23308.7746230416,-0.000328670277667698
17,5,0.6,left,\RIGHT,2,4,0,23308.9596340604,23308.874730744,-0.000185394961590646
17,5,0.6,left,\RIGHT,2,5,0,23309.054644354,23308.9647869255,-0.000257503161265049
17,5,0.6,left,\RIGHT,2,6,0.015,23309.1496546477,23309.0648574996,-0.000222523314732825
17,5,0.6,left,\RIGHT,2,7,0.03,23309.2446649414,23309.1548937586,-0.000277425693639088
17,5,0.6,left,\RIGHT,2,8,0.045,23309.339675235,23309.2549794255,0.00977198218606645
17,5,0.6,left,\RIGHT,2,9,0.06,23309.4346855287,23309.3450467757,-0.000246334471739829
17,5,0.6,left,\RIGHT,2,10,0.075,23309.5296958224,23309.4451164442,0.00975598378863651
17,5,0.6,left,\RIGHT,2,11,0.09,23309.624706116,23309.5351204045,-0.000309724342514528
17,5,0.6,left,\RIGHT,2,12,0.105,23309.7197164097,23309.6352299181,0.00979582884974661
17,5,0.6,left,\RIGHT,2,13,0.12,23309.8147267034,23309.7252906275,-0.000252975314651849
17,5,0.6,left,\RIGHT,2,14,0.135,23309.909736997,23309.8253340344,0.00972972227100399
17,5,0.6,left,\RIGHT,2,15,0.15,23310.0047472907,23309.9154324759,-0.00021524324620259
17,5,0.6,left,\RIGHT,2,16,0.165,23310.0997575843,23310.0154789014,0.00973274083298747
17,5,0.6,left,\RIGHT,2,17,0.18,23310.194767878,23310.1055051992,-0.000287386959826108
17,5,0.6,left,\RIGHT,2,18,0.195,23310.2897781717,23310.2056071663,0.00978828244114993
17,5,0.6,left,\RIGHT,2,19,0.21,23310.3847884653,23310.2956654609,-0.000255390168604208
17,5,0.6,left,\RIGHT,2,20,0.225,23310.479798759,23310.3956989066,0.00971976100481697
17,5,0.6,left,\RIGHT,2,21,0.24,23310.5748090527,23310.485778331,-0.000234260209253989
17,5,0.6,left,\RIGHT,2,22,0.255,23310.6698193463,23310.5755190725,-0.000572943245060742
17,5,0.6,left,\RIGHT,2,23,0.27,23310.76482964,23310.6758758066,6.36366821709089e-05
17,5,0.6,left,\RIGHT,2,24,0.285,23310.8598399336,23310.7659724369,-0.00021705438484787
17,5,0.6,left,\RIGHT,2,25,0.3,23310.9548502273,23310.8660064863,-0.000259047956205904
17,5,0.6,left,\RIGHT,2,26,0.315,23311.049860521,23310.9560638753,-0.000256295734288869
17,5,0.6,left,\RIGHT,2,27,0.33,23311.1448708146,23311.0561365623,-0.000220410318434006
17,5,0.6,left,\RIGHT,2,28,0.345,23311.2398811083,23311.1462271555,-0.000223091519728769
17,5,0.6,left,\RIGHT,2,29,0.36,23311.334891402,23311.2462790144,-0.000241238420130685
17,5,0.6,left,\RIGHT,2,30,0.375,23311.4299016956,23311.3363403276,-0.000252371599344769
17,5,0.6,left,\RIGHT,2,31,0.39,23311.5249119893,23311.4364060719,-0.000227353018999565
17,5,0.6,left,\RIGHT,2,32,0.405,23311.619922283,23311.5264661776,-0.000253579026320949
17,5,0.6,left,\RIGHT,2,33,0.42,23311.7149325766,23311.6265503352,-0.000208939771255245
17,5,0.6,left,\RIGHT,2,34,0.435,23311.8099428703,23311.7266058164,0.00974179652985185
17,5,0.6,left,\RIGHT,2,35,0.45,23311.9049531639,23311.8166508293,-0.000268671854428248
17,5,0.6,left,\RIGHT,2,36,0.465,23311.9999634576,23311.9067061052,-0.000258408730587689
17,5,0.6,left,\RIGHT,2,37,0.48,23312.0949737513,23312.0067851313,-0.000214071333175525
17,5,0.6,left,\RIGHT,2,38,0.495,23312.1899840449,23312.0968395017,-0.000259314299910329
17,5,0.6,left,\RIGHT,2,39,0.51,23312.2849943386,23312.1969091702,-0.000223428884055465
17,5,0.6,left,\RIGHT,2,40,0.525,23312.3800046323,23312.2869653517,-0.000257503164903028
17,5,0.6,left,\RIGHT,2,41,0.54,23312.4750149259,23312.3870069475,-0.000251501540333265
17,5,0.6,left,\RIGHT,2,42,0.555,23312.5700252196,23312.4770628272,-0.000257805018918589
17,5,0.6,left,\RIGHT,2,43,0.57,23312.6650355132,23312.5771883392,-0.000167585425515426
17,5,0.6,left,\RIGHT,2,44,0.585,23312.7600458069,23312.6672212777,-0.000280746113276109
17,5,0.6,left,\RIGHT,2,45,0.6,23312.8550561006,23312.7672456678,-0.000268707368377363
17,5,0.6,left,\RIGHT,2,46,0.6,23312.9500663942,23312.8573115087,-0.000247843752731569
17,5,0.6,left,\RIGHT,2,47,0.6,23313.0450766879,23312.9574101554,-0.000194450654817047
17,5,0.6,left,\RIGHT,2,48,0.6,23313.1400869816,23313.0474720722,-0.000251767887675669
17,5,0.6,left,\RIGHT,2,49,0.6,23313.2350972752,23313.147534798,-0.000230371584621025
17,5,0.6,left,\RIGHT,2,50,0.6,23313.3301075689,23313.2376003371,-0.000248145610385109
17,5,0.6,left,\RIGHT,2,51,0.6,23313.4251178625,23313.3376654778,-0.000227956734306645
17,5,0.6,left,\RIGHT,2,52,0.6,23313.5201281562,23313.42772015,-0.00025901244225679
17,5,0.6,left,\RIGHT,2,53,0.6,23313.6151384499,23313.5277469549,-0.000266292514425004
17,5,0.6,left,\RIGHT,2,54,0.6,23313.7101487435,23313.6178170218,-0.00024361776013393
17,5,0.6,left,\RIGHT,2,55,0.6,23313.8051590372,23313.7179029906,-0.000207128632609965
17,5,0.6,left,\RIGHT,2,56,0.6,23313.9001693309,23313.8179273806,0.00971070530795259
17,5,0.6,left,\RIGHT,2,57,0.6,23313.9951796245,23313.9079941271,-0.000246938183408929
17,5,0.6,left,\RIGHT,2,58,0.6,23314.0901899182,23313.9980904555,-0.00021735624250141
17,5,0.6,left,\RIGHT,2,59,0.6,23314.1852002119,23314.0981561999,-0.000227353018999565
17,5,0.6,left,\RIGHT,2,60,0.6,23314.2802105055,23314.188217513,-0.000252371602982748
17,5,0.6,left,\RIGHT,2,61,0.6,23314.3752207992,23314.2883194801,-0.000191130235180026
17,5,0.6,left,\RIGHT,2,62,0.6,23314.4702310928,23314.3783128755,-0.000320289320370648
17,5,0.6,left,\RIGHT,2,63,0.6,23314.5652413865,23314.4783810347,-0.000224938168685185
17,5,0.6,left,\RIGHT,2,64,0.6,23314.6602516802,23314.5684317828,-0.00026293657720089
17,5,0.6,left,\RIGHT,2,65,0.6,23314.7552619738,23314.6685050736,-0.000219806606764905
17,5,0.6,left,\RIGHT,2,66,0.6,23314.8502722675,23314.758561557,-0.000257201307249488
17,5,0.6,left,\RIGHT,2,67,0.6,23314.9452825612,23314.8586783151,-0.000176339264726266
17,5,0.6,left,\RIGHT,2,68,0.6,23315.0402928548,23314.9487142723,-0.000277727547654649
17,5,0.6,left,\RIGHT,2,69,0.6,23315.1353031485,23315.0487803185,-0.000227051164984005
17,5,0.6,left,\RIGHT,2,70,0.6,23315.2303134421,23315.1388247276,-0.000269275566097349
17,5,0.6,left,\RIGHT,2,71,0.6,23315.3253237358,23315.2388593807,-0.000258444244536804
17,5,0.6,left,\RIGHT,2,72,0.6,23315.4203340295,23315.3289605389,-0.000212526534596691
17,5,0.6,left,\RIGHT,2,73,0.6,23315.5153443231,23315.4290259814,-0.000227654876653105
17,5,0.6,left,\RIGHT,2,74,0.6,23315.6103546168,23315.5190806537,-0.000259012445894768
17,5,0.6,left,\RIGHT,2,75,0.6,23315.7053649105,23315.6191195328,-0.000254218251939164
17,5,0.6,left,\RIGHT,2,76,0.6,23315.8003752041,23315.7091781292,-0.00025508830731269
17,5,0.6,left,\RIGHT,2,77,0.6,23315.8953854978,23315.8092571552,-0.000214071333175525
17,5,0.6,left,\RIGHT,2,78,0.6,23315.9903957915,23315.8992882827,-0.000282557255559368
17,5,0.6,left,\RIGHT,2,79,0.6,23316.0854060851,23315.9993980981,-0.000183281965291826
17,5,0.6,left,\RIGHT,2,80,0.6,23316.1804163788,23316.0894572982,-0.000254484595643589
17,5,0.6,left,\RIGHT,2,81,0.6,23316.2754266724,23316.1895121757,-0.000238219854509225
17,5,0.6,left,\RIGHT,2,82,0.6,23316.3704369661,23316.2795903928,-0.000235467636230169
17,5,0.6,left,\RIGHT,2,83,0.6,23316.4654472598,23316.3796579482,-0.000225541880354285
17,5,0.6,left,\RIGHT,2,84,0.6,23316.5604575534,23316.4697298263,-0.000241806621488649
17,5,0.6,left,\RIGHT,2,85,0.6,23316.6554678471,23316.5697394254,-0.000283498335193144
17,5,0.6,left,\RIGHT,2,86,0.6,23316.7504781408,23316.6598315278,-0.000221582235099049
17,5,0.6,left,\RIGHT,2,87,0.6,23316.8454884344,23316.7599069316,-0.000217693610466085
17,5,0.6,left,\RIGHT,2,88,0.6,23316.9404987281,23316.8499157217,-0.000304894638247788
17,5,0.6,left,\RIGHT,2,89,0.6,23317.0355090217,23316.9500240278,-0.000184791246283567
17,5,0.6,left,\RIGHT,2,90,0.6,23317.1305193154,23317.0400563627,-0.000281349828583188
17,5,0.6,left,\RIGHT,2,91,0.6,23317.2255296091,23317.1401504815,-0.000198978505068226
17,5,0.6,left,\RIGHT,2,92,0.6,23317.3205399027,23317.2302127002,-0.000251466033660108
17,5,0.6,left,\RIGHT,2,93,0.6,23317.4155501964,23317.3302392032,-0.000266594368440565
17,5,0.6,left,\RIGHT,2,94,0.6,23317.5105604901,23317.4203062516,-0.000246636325755389
17,5,0.6,left,\RIGHT,2,95,0.6,23317.6055707837,23317.5204070113,-0.000192337662156206
17,5,0.6,left,\RIGHT,2,96,0.6,23317.7005810774,23317.6104402517,-0.000280444259260548
17,5,0.6,left,\RIGHT,2,97,0.6,23317.7955913711,23317.7105521801,-0.000181168968993006
17,5,0.6,left,\RIGHT,2,98,0.6,23317.8906016647,23317.8005860243,-0.000279840543953469
17,5,0.6,left,\RIGHT,2,99,0.6,23317.9856119584,23317.9006285257,-0.000250595974648604
17,5,0.6,left,\RIGHT,2,100,0.6,23318.080622252,23317.9906898388,-0.000252371599344769
17,5,0.6,left,\RIGHT,2,101,0.6,23318.1756325457,23318.0907969375,-0.000185998673259746
17,5,0.6,left,\RIGHT,2,102,0.6,23318.2706428394,23318.1808338002,-0.000276821981969988
17,5,0.6,left,\RIGHT,2,103,0.6,23318.365653133,23318.2808907907,0.00974330581448157
17,5,0.6,left,\RIGHT,2,104,0.6,23318.4606634267,23318.3709548205,-0.000249654891376849
17,5,0.6,left,\RIGHT,2,105,0.6,23318.5556737204,23318.4710214705,0.00975296521937707
17,5,0.6,left,\RIGHT,2,106,0.6,23318.650684014,23318.5610773501,-0.00025780501528061
17,5,0.6,left,\RIGHT,2,107,0.6,23318.7456943077,23318.6611162293,0.00972519442075281
17,5,0.6,left,\RIGHT,2,108,0.6,23318.8407046013,23318.7511712034,-0.000258710588241229
17,5,0.6,left,\RIGHT,2,109,0.6,23318.935714895,23318.8512520405,0.00976715247816173
17,5,0.6,left,\RIGHT,2,110,0.6,23319.0307251887,23318.9412644529,-0.000301272360957228
17,5,0.6,left,\RIGHT,2,111,0.6,23319.1257354823,23319.0413902667,0.00981212910483009
17,5,0.6,left,\RIGHT,2,112,0.6,23319.220745776,23319.131425922,-0.000278029405308189
17,5,0.6,left,\RIGHT,2,113,0.6,23319.3157560697,23319.2314910626,0.00975145593838533
17,5,0.6,left,\RIGHT,2,114,0.6,23319.4107663633,23319.3215819577,-0.00022278965843725
17,5,0.6,left,\RIGHT,2,115,0.6,23319.505776657,23319.4216386463,0.00974300395682803
17,5,0.6,left,\RIGHT,2,116,0.6,23319.6007869507,23319.5117014687,-0.000250862318353029
17,5,0.6,left,\RIGHT,2,117,0.6,23319.6957972443,23319.6117641945,0.00974904108807095
17,5,0.6,left,\RIGHT,2,118,0.6,23319.790807538,23319.7018098111,-0.000268068142759148
17,5,0.6,left,\RIGHT,2,119,0.6,23319.8858178316,23319.7919064414,-0.00021705438484787
17,5,0.6,left,\RIGHT,2,120,0.6,23319.9808281253,23319.8919513576,-0.000248181120696245
17,5,0.6,left,\RIGHT,2,121,0.6,23320.075838419,23319.9819870129,-0.000278029405308189
17,5,0.6,left,\RIGHT,2,122,0.6,23320.1708487126,23320.0820412867,-0.000238823569816304
17,5,0.6,left,\RIGHT,2,123,0.6,23320.2658590063,23320.1721297669,-0.00022520451238961
17,5,0.6,left,\RIGHT,2,124,0.6,23320.3608693,23320.2721958131,-0.000227051161346026
17,5,0.6,left,\RIGHT,2,125,0.6,23320.4558795936,23320.3622562207,-0.000253277172305388
17,5,0.6,left,\RIGHT,2,126,0.6,23320.5508898873,23320.4622896664,-0.000259651667875005
17,5,0.6,left,\RIGHT,2,127,0.6,23320.6459001809,23320.5523491683,-0.000254182741628028
17,5,0.6,left,\RIGHT,2,128,0.6,23320.7409104746,23320.6524475132,-0.000194752512470586
17,5,0.6,left,\RIGHT,2,129,0.6,23320.8359207683,23320.7425130523,-0.000248145610385109
17,5,0.6,left,\RIGHT,2,130,0.6,23320.9309310619,23320.8425727595,-0.000233390150242485
17,5,0.6,left,\RIGHT,2,131,0.6,23321.0259413556,23320.9326259225,-0.000260521726886509
17,5,0.6,left,\RIGHT,2,132,0.6,23321.1209516493,23321.0326946854,-0.000224334453378106
17,5,0.6,left,\RIGHT,2,133,0.6,23321.2159619429,23321.1327368849,0.00972851484402781
17,5,0.6,left,\RIGHT,2,134,0.6,23321.3109722366,23321.2228271763,-0.000223393373744329
17,5,0.6,left,\RIGHT,2,135,0.6,23321.4059825303,23321.3128842634,-0.000256597591942409
17,5,0.6,left,\RIGHT,2,136,0.6,23321.5009928239,23321.4129258592,-0.000251501543971244
17,5,0.6,left,\RIGHT,2,137,0.6,23321.5960031176,23321.5029781166,-0.000261427296209149
17,5,0.6,left,\RIGHT,2,138,0.6,23321.6910134112,23321.6030589538,-0.000212260194530245
17,5,0.6,left,\RIGHT,2,139,0.6,23321.7860237049,23321.693122078,-0.000250560460699489
17,5,0.6,left,\RIGHT,2,140,0.6,23321.8810339986,23321.7931926521,-0.000222523314732825
17,5,0.6,left,\RIGHT,2,141,0.6,23321.9760442922,23321.8832412872,-0.000265049573499709
17,5,0.6,left,\RIGHT,2,142,0.6,23322.0710545859,23321.9833345005,-0.000199884074390866
17,5,0.6,left,\RIGHT,2,143,0.6,23322.1660648796,23322.0733789096,-0.000269275569735328
17,5,0.6,left,\RIGHT,2,144,0.6,23322.2610751732,23322.1734407299,-0.000231277153943665
17,5,0.6,left,\RIGHT,2,145,0.6,23322.3560854669,23322.2635074764,-0.000246938183408929
17,5,0.6,left,\RIGHT,2,146,0.6,23322.4510957605,23322.3635708059,-0.000229767872951925
17,5,0.6,left,\RIGHT,2,147,0.6,23322.5461060542,23322.4535995185,-0.000284972105873749
17,5,0.6,left,\RIGHT,2,148,0.6,23322.6411163479,23322.5536803557,-0.000212260190892266
17,5,0.6,left,\RIGHT,2,149,0.6,23322.7361266415,23322.6437528375,-0.000241202909819549
17,5,0.6,left,\RIGHT,2,150,0.6,23322.8311369352,23322.7438294486,-0.000216486183489906
17,5,0.6,left,\RIGHT,2,151,0.6,23322.9261472289,23322.8338744615,-0.000268671854428248
17,5,0.6,left,\RIGHT,2,152,0.6,23323.0211575225,23322.9339607321,-0.000206826774956426
17,5,0.6,left,\RIGHT,2,153,0.6,23323.1161678162,23323.0240220452,-0.000252371602982748
17,5,0.6,left,\RIGHT,2,154,0.6,23323.2111781098,23323.124080545,-0.000234597573580686
17,5,0.6,left,\RIGHT,2,155,0.6,23323.3061884035,23323.2241203297,0.00972609999007545
17,5,0.6,left,\RIGHT,2,156,0.6,23323.4011986972,23323.3141900948,-0.000243919617787469
17,5,0.6,left,\RIGHT,2,157,0.6,23323.4962089908,23323.4042185055,-0.000285273963527288
17,5,0.6,left,\RIGHT,2,158,0.6,23323.5912192845,23323.504305078,-0.000206524917302886
17,5,0.6,left,\RIGHT,2,159,0.6,23323.6862295782,23323.5943802765,-0.000238486201851629
17,5,0.6,left,\RIGHT,2,160,0.6,23323.7812398718,23323.6944100999,-0.000263273948803544
17,5,0.6,left,\RIGHT,2,161,0.6,23323.8762501655,23323.7844970708,-0.00022671379338135
17,5,0.6,left,\RIGHT,2,162,0.6,23323.9712604592,23323.8845649281,-0.000225240022700746
17,5,0.6,left,\RIGHT,2,163,0.6,23324.0662707528,23323.9746220152,-0.000256597595580388
17,5,0.6,left,\RIGHT,2,164,0.6,23324.1612810465,23324.0747085877,-0.000206524917302886
17,5,0.6,left,\RIGHT,2,165,0.6,23324.2562913401,23324.1647578265,-0.000264445861830609
17,5,0.6,left,\RIGHT,2,166,0.6,23324.3513016338,23324.26481693,-0.000233993861911586
17,5,0.6,left,\RIGHT,2,167,0.6,23324.4463119275,23324.3548782431,-0.000252371602982748
17,5,0.6,left,\RIGHT,2,168,0.6,23324.5413222211,23324.4548999164,-0.000271424072707305
17,5,0.6,left,\RIGHT,2,169,0.6,23324.6363325148,23324.5449742094,-0.000239391771174269
17,5,0.6,left,\RIGHT,2,170,0.6,23324.7313428085,23324.6450970046,-0.000170302133483347
17,5,0.6,left,\RIGHT,2,171,0.6,23324.8263531021,23324.7351202838,-0.000290405525447568
17,5,0.6,left,\RIGHT,2,172,0.6,23324.9213633958,23324.8351606722,-0.000252708967309445
17,5,0.6,left,\RIGHT,2,173,0.6,23325.0163736894,23324.9252014591,-0.000272897847025888
17,5,0.6,left,\RIGHT,2,174,0.6,23325.1113839831,23325.0253055392,-0.000189017238881206
17,5,0.6,left,\RIGHT,2,175,0.6,23325.2063942768,23325.1153605133,-0.000258710588241229
17,5,0.6,left,\RIGHT,2,176,0.6,23325.3014045704,23325.2154259558,-0.000227654876653105
17,5,0.6,left,\RIGHT,2,177,0.6,23325.3964148641,23325.3054899856,-0.000249654891376849
17,5,0.6,left,\RIGHT,2,178,0.6,23325.4914251578,23325.4055605597,-0.000222523314732825
17,5,0.6,left,\RIGHT,2,179,0.6,23325.5864354514,23325.4956251932,-0.000249051179707749
17,5,0.6,left,\RIGHT,2,180,0.6,23325.6814457451,23325.5956776559,-0.000240634704823606
17,5,0.6,left,\RIGHT,2,181,0.6,23325.7764560388,23325.6857579859,-0.000233354639931349
17,5,0.6,left,\RIGHT,2,182,0.6,23325.8714663324,23325.785805317,-0.000245766270381864
17,5,0.6,left,\RIGHT,2,183,0.6,23325.9664766261,23325.8758726673,-0.00024633446810185
17,5,0.6,left,\RIGHT,2,184,0.6,23326.0614869197,23325.9759085278,-0.000257236817560624
17,5,0.6,left,\RIGHT,2,185,0.6,23326.1564972134,23326.0659909709,-0.000231241643632529
17,5,0.6,left,\RIGHT,2,186,0.6,23326.2515075071,23326.1660591301,-0.000224938165047206
17,5,0.6,left,\RIGHT,2,187,0.6,23326.3465178007,23326.2560968984,-0.000275916412647348
17,5,0.6,left,\RIGHT,2,188,0.6,23326.4415280944,23326.3561855838,-0.000204411921004066
17,5,0.6,left,\RIGHT,2,189,0.6,23326.5365383881,23326.4462085611,-0.000290707383101108
17,5,0.6,left,\RIGHT,2,190,0.6,23326.6315486817,23326.5462824556,-0.000219202891457826
17,5,0.6,left,\RIGHT,2,191,0.6,23326.7265589754,23326.6363540318,-0.000242108479142189
17,5,0.6,left,\RIGHT,2,192,0.6,23326.821569269,23326.7364125316,-0.000234597577218665
17,5,0.6,left,\RIGHT,2,193,0.6,23326.9165795627,23326.8264871264,-0.000239089913520729
17,5,0.6,left,\RIGHT,2,194,0.6,23327.0115898564,23326.9265459281,-0.000234295719565125
17,5,0.6,left,\RIGHT,2,195,0.6,23327.10660015,23327.0166256544,-0.00023395835160045
17,5,0.6,left,\RIGHT,2,196,0.6,23327.2016104437,23327.1166841542,-0.000234597577218665
17,5,0.6,left,\RIGHT,2,197,0.6,23327.2966207374,23327.2067013963,-0.000296442656690488
17,5,0.6,left,\RIGHT,2,198,0.6,23327.391631031,23327.3067861576,-0.000208336055948166
17,5,0.6,left,\RIGHT,2,199,0.6,23327.4866413247,23327.3968649784,-0.00023486392092309
17,5,0.6,left,\RIGHT,2,200,0.6,23327.5816516183,23327.4969210633,0.00974240024152095
17,5,0.6,left,\RIGHT,2,201,0.6,23327.676661912,23327.5869859987,-0.000248749322054209
17,5,0.6,left,\RIGHT,2,202,0.6,23327.7716722057,NaN,NaN
17,7,0.6,right,\LEFT,3,1,0,23328.7177004448,23328.7177004448,-0.000479083613754483
17,7,0.6,right,\LEFT,3,2,0,23328.8127107385,23328.7477324537,0.019553625559638
17,7,0.6,right,\LEFT,3,3,0,23328.9077210321,23328.8177909414,-0.000296371632430237
17,7,0.6,right,\LEFT,3,4,0,23329.0027313258,23328.917864534,-0.000219504749111366
17,7,0.6,right,\LEFT,3,5,0,23329.0977416195,23329.0079487882,-0.00022943050134927
17,7,0.6,right,\LEFT,3,6,0,23329.1927519131,23329.1079906859,0.00972821298637427
17,7,0.6,right,\LEFT,3,7,0,23329.2877622068,23329.1979735163,-0.000330854301864747
17,7,0.6,right,\LEFT,3,8,0.015,23329.3827725005,23329.2980709556,0.00978375459089875
17,7,0.6,right,\LEFT,3,9,0.03,23329.4777827941,23329.3881002719,-0.000284368394204648
17,7,0.6,right,\LEFT,3,10,0.045,23329.5727930878,23329.4882617048,0.00984774817334255
17,7,0.6,right,\LEFT,3,11,0.06,23329.6678033814,23329.5782777394,-0.000297650080028689
17,7,0.6,right,\LEFT,3,12,0.075,23329.7628136751,23329.6783778954,0.00978647129886667
17,7,0.6,right,\LEFT,3,13,0.09,23329.8578239688,23329.7683872892,-0.000304290926578688
17,7,0.6,right,\LEFT,3,14,0.105,23329.9528342624,23329.8684823136,0.00978133973694639
17,7,0.6,right,\LEFT,3,15,0.12,23330.0478445561,23329.9585336655,-0.000262332865531789
17,7,0.6,right,\LEFT,3,16,0.135,23330.1428548498,23330.0586048432,0.00975749306962825
17,7,0.6,right,\LEFT,3,17,0.15,23330.2378651434,23330.1486305373,-0.000287990671495209
17,7,0.6,right,\LEFT,3,18,0.165,23330.3328754371,23330.248705941,0.00976171906222589
17,7,0.6,right,\LEFT,3,19,0.18,23330.4278857308,23330.3387926101,-0.00022701565103489
17,7,0.6,right,\LEFT,3,20,0.195,23330.5228960244,23330.4388577507,0.00975145593838533
17,7,0.6,right,\LEFT,3,21,0.21,23330.6179063181,23330.5289217805,-0.000249654891376849
17,7,0.6,right,\LEFT,3,22,0.225,23330.7129166117,23330.6186438069,-0.000591658350458601
17,7,0.6,right,\LEFT,3,23,0.24,23330.8079269054,23330.7190050688,6.81645324220881e-05
17,7,0.6,right,\LEFT,3,24,0.255,23330.9029371991,23330.8091007935,-0.00021795995417051
17,7,0.6,right,\LEFT,3,25,0.27,23330.9979474927,23330.9091755936,-0.000218297325773165
17,7,0.6,right,\LEFT,3,26,0.285,23331.0929577864,23330.9992091359,-0.000280142401607009
17,7,0.6,right,\LEFT,3,27,0.3,23331.1879680801,23331.0992785025,-0.000223730741709005
17,7,0.6,right,\LEFT,3,28,0.315,23331.2829783737,23331.1893730198,-0.00021916738114669
17,7,0.6,right,\LEFT,3,29,0.33,23331.3779886674,23331.289407673,-0.000258444240898825
17,7,0.6,right,\LEFT,3,30,0.345,23331.472998961,23331.3794756269,-0.000245730760070728
17,7,0.6,right,\LEFT,3,31,0.36,23331.5680092547,23331.4795323156,-0.000236408715863945
17,7,0.6,right,\LEFT,3,32,0.375,23331.6630195484,23331.5695891008,-0.00025689944595797
17,7,0.6,right,\LEFT,3,33,0.39,23331.758029842,23331.6696690324,-0.000213165763852885
17,7,0.6,right,\LEFT,3,34,0.405,23331.8530401357,23331.7697326638,0.00974994665739359
17,7,0.6,right,\LEFT,3,35,0.42,23331.9480504294,23331.8597870342,-0.000259314299910329
17,7,0.6,right,\LEFT,3,36,0.435,23332.043060723,23331.9498160486,-0.000284670251858188
17,7,0.6,right,\LEFT,3,37,0.45,23332.1380710167,23332.0499149972,-0.000194148800801486
17,7,0.6,right,\LEFT,3,38,0.465,23332.2330813104,23332.1399575952,-0.000271086704742629
17,7,0.6,right,\LEFT,3,39,0.48,23332.328091604,23332.2400483936,-0.000202298928343225
17,7,0.6,right,\LEFT,3,40,0.495,23332.4231018977,23332.3301024622,-0.000259616157563869
17,7,0.6,right,\LEFT,3,41,0.51,23332.5181121913,NaN,NaN
17,7,0.6,right,\LEFT,3,42,0.525,23332.613122485,NaN,NaN
17,7,0.6,right,\LEFT,3,43,0.54,23332.7081327787,NaN,NaN
17,7,0.6,right,\LEFT,3,44,0.555,23332.8031430723,NaN,NaN
17,7,0.6,right,\LEFT,3,45,0.57,23332.898153366,NaN,NaN
17,7,0.6,right,\LEFT,3,46,0.585,23332.9931636597,NaN,NaN
17,7,0.6,right,\LEFT,3,47,0.6,23333.0881739533,NaN,NaN
17,7,0.6,right,\LEFT,3,48,0.6,23333.183184247,NaN,NaN
17,7,0.6,right,\LEFT,3,49,0.6,23333.2781945406,NaN,NaN
17,7,0.6,right,\LEFT,3,50,0.6,23333.3732048343,NaN,NaN
17,7,0.6,right,\LEFT,3,51,0.6,23333.468215128,NaN,NaN
17,7,0.6,right,\LEFT,3,52,0.6,23333.5632254216,NaN,NaN
17,7,0.6,right,\LEFT,3,53,0.6,23333.6582357153,NaN,NaN
17,7,0.6,right,\LEFT,3,54,0.6,23333.753246009,NaN,NaN
17,7,0.6,right,\LEFT,3,55,0.6,23333.8482563026,NaN,NaN
17,7,0.6,right,\LEFT,3,56,0.6,23333.9432665963,NaN,NaN
17,7,0.6,right,\LEFT,3,57,0.6,23334.03827689,NaN,NaN
17,7,0.6,right,\LEFT,3,58,0.6,23334.1332871836,NaN,NaN
17,7,0.6,right,\LEFT,3,59,0.6,23334.2282974773,NaN,NaN
17,7,0.6,right,\LEFT,3,60,0.6,23334.3233077709,NaN,NaN
17,7,0.6,right,\LEFT,3,61,0.6,23334.4183180646,NaN,NaN
17,7,0.6,right,\LEFT,3,62,0.6,23334.5133283583,NaN,NaN
17,7,0.6,right,\LEFT,3,63,0.6,23334.6083386519,NaN,NaN
17,7,0.6,right,\LEFT,3,64,0.6,23334.7033489456,NaN,NaN
17,7,0.6,right,\LEFT,3,65,0.6,23334.7983592393,NaN,NaN
17,7,0.6,right,\LEFT,3,66,0.6,23334.8933695329,NaN,NaN
17,7,0.6,right,\LEFT,3,67,0.6,23334.9883798266,NaN,NaN
17,7,0.6,right,\LEFT,3,68,0.6,23335.0833901202,NaN,NaN
17,7,0.6,right,\LEFT,3,69,0.6,23335.1784004139,NaN,NaN
17,7,0.6,right,\LEFT,3,70,0.6,23335.2734107076,NaN,NaN
17,7,0.6,right,\LEFT,3,71,0.6,23335.3684210012,NaN,NaN
17,7,0.6,right,\LEFT,3,72,0.6,23335.4634312949,NaN,NaN
17,7,0.6,right,\LEFT,3,73,0.6,23335.5584415886,NaN,NaN
17,7,0.6,right,\LEFT,3,74,0.6,23335.6534518822,NaN,NaN
17,7,0.6,right,\LEFT,3,75,0.6,23335.7484621759,NaN,NaN
17,7,0.6,right,\LEFT,3,76,0.6,23335.8434724695,NaN,NaN
17,7,0.6,right,\LEFT,3,77,0.6,23335.9384827632,NaN,NaN
17,7,0.6,right,\LEFT,3,78,0.6,23336.0334930569,NaN,NaN
17,7,0.6,right,\LEFT,3,79,0.6,23336.1285033505,NaN,NaN
17,7,0.6,right,\LEFT,3,80,0.6,23336.2235136442,NaN,NaN
17,7,0.6,right,\LEFT,3,81,0.6,23336.3185239379,NaN,NaN
17,7,0.6,right,\LEFT,3,82,0.6,23336.4135342315,NaN,NaN
17,7,0.6,right,\LEFT,3,83,0.6,23336.5085445252,NaN,NaN
17,7,0.6,right,\LEFT,3,84,0.6,23336.6035548189,NaN,NaN
17,7,0.6,right,\LEFT,3,85,0.6,23336.6985651125,NaN,NaN
17,7,0.6,right,\LEFT,3,86,0.6,23336.7935754062,NaN,NaN
17,7,0.6,right,\LEFT,3,87,0.6,23336.8885856998,NaN,NaN
17,7,0.6,right,\LEFT,3,88,0.6,23336.9835959935,NaN,NaN
17,7,0.6,right,\LEFT,3,89,0.6,23337.0786062872,NaN,NaN
17,7,0.6,right,\LEFT,3,90,0.6,23337.1736165808,NaN,NaN
17,7,0.6,right,\LEFT,3,91,0.6,23337.2686268745,NaN,NaN
17,7,0.6,right,\LEFT,3,92,0.6,23337.3636371682,NaN,NaN
17,7,0.6,right,\LEFT,3,93,0.6,23337.4586474618,NaN,NaN
17,7,0.6,right,\LEFT,3,94,0.6,23337.5536577555,NaN,NaN
17,7,0.6,right,\LEFT,3,95,0.6,23337.6486680491,NaN,NaN
17,7,0.6,right,\LEFT,3,96,0.6,23337.7436783428,NaN,NaN
17,7,0.6,right,\LEFT,3,97,0.6,23337.8386886365,NaN,NaN
17,7,0.6,right,\LEFT,3,98,0.6,23337.9336989301,NaN,NaN
17,7,0.6,right,\LEFT,3,99,0.6,23338.0287092238,NaN,NaN
17,7,0.6,right,\LEFT,3,100,0.6,23338.1237195175,NaN,NaN
17,7,0.6,right,\LEFT,3,101,0.6,23338.2187298111,NaN,NaN
17,7,0.6,right,\LEFT,3,102,0.6,23338.3137401048,NaN,NaN
17,7,0.6,right,\LEFT,3,103,0.6,23338.4087503985,NaN,NaN
17,7,0.6,right,\LEFT,3,104,0.6,23338.5037606921,NaN,NaN
17,7,0.6,right,\LEFT,3,105,0.6,23338.5987709858,NaN,NaN
17,7,0.6,right,\LEFT,3,106,0.6,23338.6937812794,NaN,NaN
17,7,0.6,right,\LEFT,3,107,0.6,23338.7887915731,NaN,NaN
17,7,0.6,right,\LEFT,3,108,0.6,23338.8838018668,NaN,NaN
17,7,0.6,right,\LEFT,3,109,0.6,23338.9788121604,NaN,NaN
17,7,0.6,right,\LEFT,3,110,0.6,23339.0738224541,NaN,NaN
17,7,0.6,right,\LEFT,3,111,0.6,23339.1688327478,NaN,NaN
17,7,0.6,right,\LEFT,3,112,0.6,23339.2638430414,NaN,NaN
17,7,0.6,right,\LEFT,3,113,0.6,23339.3588533351,NaN,NaN
17,7,0.6,right,\LEFT,3,114,0.6,23339.4538636287,NaN,NaN
17,7,0.6,right,\LEFT,3,115,0.6,23339.5488739224,NaN,NaN
17,7,0.6,right,\LEFT,3,116,0.6,23339.6438842161,NaN,NaN
17,7,0.6,right,\LEFT,3,117,0.6,23339.7388945097,NaN,NaN
17,7,0.6,right,\LEFT,3,118,0.6,23339.8339048034,NaN,NaN
17,7,0.6,right,\LEFT,3,119,0.6,23339.9289150971,NaN,NaN
17,7,0.6,right,\LEFT,3,120,0.6,23340.0239253907,NaN,NaN
17,7,0.6,right,\LEFT,3,121,0.6,23340.1189356844,NaN,NaN
17,7,0.6,right,\LEFT,3,122,0.6,23340.213945978,NaN,NaN
17,7,0.6,right,\LEFT,3,123,0.6,23340.3089562717,NaN,NaN
17,7,0.6,right,\LEFT,3,124,0.6,23340.4039665654,NaN,NaN
17,7,0.6,right,\LEFT,3,125,0.6,23340.498976859,NaN,NaN
17,7,0.6,right,\LEFT,3,126,0.6,23340.5939871527,NaN,NaN
17,7,0.6,right,\LEFT,3,127,0.6,23340.6889974464,NaN,NaN
17,7,0.6,right,\LEFT,3,128,0.6,23340.78400774,NaN,NaN
17,7,0.6,right,\LEFT,3,129,0.6,23340.8790180337,NaN,NaN
17,7,0.6,right,\LEFT,3,130,0.6,23340.9740283274,NaN,NaN
17,7,0.6,right,\LEFT,3,131,0.6,23341.069038621,NaN,NaN
17,7,0.6,right,\LEFT,3,132,0.6,23341.1640489147,NaN,NaN
17,7,0.6,right,\LEFT,3,133,0.6,23341.2590592083,NaN,NaN
17,7,0.6,right,\LEFT,3,134,0.6,23341.354069502,NaN,NaN
17,7,0.6,right,\LEFT,3,135,0.6,23341.4490797957,NaN,NaN
17,7,0.6,right,\LEFT,3,136,0.6,23341.5440900893,NaN,NaN
17,7,0.6,right,\LEFT,3,137,0.6,23341.639100383,NaN,NaN
17,7,0.6,right,\LEFT,3,138,0.6,23341.7341106767,NaN,NaN
17,7,0.6,right,\LEFT,3,139,0.6,23341.8291209703,NaN,NaN
17,7,0.6,right,\LEFT,3,140,0.6,23341.924131264,NaN,NaN
17,7,0.6,right,\LEFT,3,141,0.6,23342.0191415576,NaN,NaN
17,7,0.6,right,\LEFT,3,142,0.6,23342.1141518513,NaN,NaN
17,7,0.6,right,\LEFT,3,143,0.6,23342.209162145,NaN,NaN
17,7,0.6,right,\LEFT,3,144,0.6,23342.3041724386,NaN,NaN
17,7,0.6,right,\LEFT,3,145,0.6,23342.3991827323,NaN,NaN
17,7,0.6,right,\LEFT,3,146,0.6,23342.494193026,NaN,NaN
17,7,0.6,right,\LEFT,3,147,0.6,23342.5892033196,NaN,NaN
17,7,0.6,right,\LEFT,3,148,0.6,23342.6842136133,NaN,NaN
17,7,0.6,right,\LEFT,3,149,0.6,23342.779223907,NaN,NaN
17,7,0.6,right,\LEFT,3,150,0.6,23342.8742342006,NaN,NaN
17,7,0.6,right,\LEFT,3,151,0.6,23342.9692444943,NaN,NaN
17,7,0.6,right,\LEFT,3,152,0.6,23343.0642547879,NaN,NaN
17,7,0.6,right,\LEFT,3,153,0.6,23343.1592650816,NaN,NaN
17,7,0.6,right,\LEFT,3,154,0.6,23343.2542753753,NaN,NaN
17,7,0.6,right,\LEFT,3,155,0.6,23343.3492856689,NaN,NaN
17,7,0.6,right,\LEFT,3,156,0.6,23343.4442959626,NaN,NaN
17,7,0.6,right,\LEFT,3,157,0.6,23343.5393062563,NaN,NaN
17,7,0.6,right,\LEFT,3,158,0.6,23343.6343165499,NaN,NaN
17,7,0.6,right,\LEFT,3,159,0.6,23343.7293268436,NaN,NaN
17,7,0.6,right,\LEFT,3,160,0.6,23343.8243371372,NaN,NaN
17,7,0.6,right,\LEFT,3,161,0.6,23343.9193474309,NaN,NaN
17,7,0.6,right,\LEFT,3,162,0.6,23344.0143577246,NaN,NaN
17,7,0.6,right,\LEFT,3,163,0.6,23344.1093680182,NaN,NaN
17,7,0.6,right,\LEFT,3,164,0.6,23344.2043783119,NaN,NaN
17,7,0.6,right,\LEFT,3,165,0.6,23344.2993886056,NaN,NaN
17,7,0.6,right,\LEFT,3,166,0.6,23344.3943988992,NaN,NaN
17,7,0.6,right,\LEFT,3,167,0.6,23344.4894091929,NaN,NaN
17,7,0.6,right,\LEFT,3,168,0.6,23344.5844194866,NaN,NaN
17,7,0.6,right,\LEFT,3,169,0.6,23344.6794297802,NaN,NaN
17,7,0.6,right,\LEFT,3,170,0.6,23344.7744400739,NaN,NaN
17,7,0.6,right,\LEFT,3,171,0.6,23344.8694503675,NaN,NaN
17,7,0.6,right,\LEFT,3,172,0.6,23344.9644606612,NaN,NaN
17,7,0.6,right,\LEFT,3,173,0.6,23345.0594709549,NaN,NaN
17,7,0.6,right,\LEFT,3,174,0.6,23345.1544812485,NaN,NaN
17,7,0.6,right,\LEFT,3,175,0.6,23345.2494915422,NaN,NaN
17,7,0.6,right,\LEFT,3,176,0.6,23345.3445018359,NaN,NaN
17,7,0.6,right,\LEFT,3,177,0.6,23345.4395121295,NaN,NaN
17,7,0.6,right,\LEFT,3,178,0.6,23345.5345224232,NaN,NaN
17,7,0.6,right,\LEFT,3,179,0.6,23345.6295327168,NaN,NaN
17,7,0.6,right,\LEFT,3,180,0.6,23345.7245430105,NaN,NaN
17,7,0.6,right,\LEFT,3,181,0.6,23345.8195533042,NaN,NaN
17,7,0.6,right,\LEFT,3,182,0.6,23345.9145635978,NaN,NaN
17,7,0.6,right,\LEFT,3,183,0.6,23346.0095738915,NaN,NaN
17,7,0.6,right,\LEFT,3,184,0.6,23346.1045841852,NaN,NaN
17,7,0.6,right,\LEFT,3,185,0.6,23346.1995944788,NaN,NaN
17,7,0.6,right,\LEFT,3,186,0.6,23346.2946047725,NaN,NaN
17,7,0.6,right,\LEFT,3,187,0.6,23346.3896150661,NaN,NaN
17,7,0.6,right,\LEFT,3,188,0.6,23346.4846253598,NaN,NaN
17,7,0.6,right,\LEFT,3,189,0.6,23346.5796356535,NaN,NaN
17,7,0.6,right,\LEFT,3,190,0.6,23346.6746459471,NaN,NaN
17,7,0.6,right,\LEFT,3,191,0.6,23346.7696562408,NaN,NaN
17,7,0.6,right,\LEFT,3,192,0.6,23346.8646665345,NaN,NaN
17,7,0.6,right,\LEFT,3,193,0.6,23346.9596768281,NaN,NaN
17,7,0.6,right,\LEFT,3,194,0.6,23347.0546871218,NaN,NaN
17,7,0.6,right,\LEFT,3,195,0.6,23347.1496974155,NaN,NaN
17,7,0.6,right,\LEFT,3,196,0.6,23347.2447077091,NaN,NaN
17,7,0.6,right,\LEFT,3,197,0.6,23347.3397180028,NaN,NaN
17,7,0.6,right,\LEFT,3,198,0.6,23347.4347282964,NaN,NaN
17,7,0.6,right,\LEFT,3,199,0.6,23347.5297385901,NaN,NaN
17,7,0.6,right,\LEFT,3,200,0.6,23347.6247488838,NaN,NaN
17,7,0.6,right,\LEFT,3,201,0.6,23347.7197591774,NaN,NaN
17,7,0.6,right,\LEFT,3,202,0.6,23347.8147694711,NaN,NaN
17,4,0.6,right,\RIGHT,4,1,0,23334.9117908786,23334.9117908786,-0.000475763194117462
17,4,0.6,right,\RIGHT,4,2,0,23335.0068011723,23334.9417764016,0.0195071396519779
17,4,0.6,right,\RIGHT,4,3,0,23335.1018114659,23335.011837606,-0.000293654920824338
17,4,0.6,right,\RIGHT,4,4,0,23335.1968217596,23335.1119190469,-0.000211656479223166
17,4,0.6,right,\RIGHT,4,5,0.015,23335.2918320533,23335.2019791526,-0.000253579026320949
17,4,0.6,right,\RIGHT,4,6,0.03,23335.3868423469,23335.3020455006,-0.000226749307330465
17,4,0.6,right,\RIGHT,4,7,0.045,23335.4818526406,23335.3921043989,-0.000254786453297129
17,4,0.6,right,\RIGHT,4,8,0.06,23335.5768629343,23335.4921924806,0.00977439703638083
17,4,0.6,right,\RIGHT,4,9,0.075,23335.6718732279,23335.5822278341,-0.000278331262961729
17,4,0.6,right,\RIGHT,4,10,0.09,23335.7668835216,23335.6823044453,0.00976292648920207
17,4,0.6,right,\RIGHT,4,11,0.105,23335.8618938153,23335.7723280263,-0.000290103667794028
17,4,0.6,right,\RIGHT,4,12,0.12,23335.9569041089,23335.8724236544,0.00978194344861549
17,4,0.6,right,\RIGHT,4,13,0.135,23336.0519144026,23335.9624846657,-0.000252673456998309
17,4,0.6,right,\RIGHT,4,14,0.15,23336.1469246962,23336.0625205262,0.00972217585513135
17,4,0.6,right,\RIGHT,4,15,0.165,23336.2419349899,23336.1526050823,-0.00022912864733371
17,4,0.6,right,\RIGHT,4,16,0.18,23336.3369452836,23336.2526240389,0.00970527188837877
17,4,0.6,right,\RIGHT,4,17,0.195,23336.4319555772,23336.3426986337,-0.00023908990988275
17,4,0.6,right,\RIGHT,4,18,0.21,23336.5269658709,23336.4427930544,0.00978073602163931
17,4,0.6,right,\RIGHT,4,19,0.225,23336.6219761646,23336.5328296153,-0.000277123835985549
17,4,0.6,right,\RIGHT,4,20,0.24,23336.7169864582,23336.632915584,0.00977228404008201
17,4,0.6,right,\RIGHT,4,21,0.255,23336.8119967519,23336.722979312,-0.000249956749030389
17,4,0.6,right,\RIGHT,4,22,0.27,23336.9070070455,23336.8230136632,0.00972066657413961
17,4,0.6,right,\RIGHT,4,23,0.285,23337.0020173392,23336.9130722596,-0.00025508830731269
17,4,0.6,right,\RIGHT,4,24,0.3,23337.0970276329,23337.0031263282,-0.000259616161201848
17,4,0.6,right,\RIGHT,4,25,0.315,23337.1920379265,23337.103256368,-0.000163057575264247
17,4,0.6,right,\RIGHT,4,26,0.33,23337.2870482202,23337.1932847787,-0.000285273963527288
17,4,0.6,right,\RIGHT,4,27,0.345,23337.3820585139,23337.2933559565,-0.000221919603063725
17,4,0.6,right,\RIGHT,4,28,0.36,23337.4770688075,23337.3833698781,-0.000299763076327508
17,4,0.6,right,\RIGHT,4,29,0.375,23337.5720791012,23337.4834742601,-0.000188715381227667
17,4,0.6,right,\RIGHT,4,30,0.39,23337.6670893949,23337.5735262156,-0.000261729153862689
17,4,0.6,right,\RIGHT,4,31,0.405,23337.7620996885,23337.6735913563,-0.000227956734306645
17,4,0.6,right,\RIGHT,4,32,0.42,23337.8571099822,23337.7636728938,-0.000232147212955169
17,4,0.6,right,\RIGHT,4,33,0.435,23337.9521202758,23337.8637316954,-0.000234295719565125
17,4,0.6,right,\RIGHT,4,34,0.45,23338.0471305695,23337.9637832525,0.00973787239490775
17,4,0.6,right,\RIGHT,4,35,0.465,23338.1421408632,23338.0538472823,-0.000249654891376849
17,4,0.6,right,\RIGHT,4,36,0.48,23338.2371511568,23338.1439013509,-0.000259616157563869
17,4,0.6,right,\RIGHT,4,37,0.495,23338.3321614505,23338.2439779621,-0.000216486183489906
17,4,0.6,right,\RIGHT,4,38,0.51,23338.4271717442,23338.3339924874,-0.000299159364658408
17,4,0.6,right,\RIGHT,4,39,0.525,23338.5221820378,23338.4340817766,-0.000203808209334966
17,4,0.6,right,\RIGHT,4,40,0.54,23338.6171923315,NaN,NaN
17,4,0.6,right,\RIGHT,4,41,0.555,23338.7122026251,NaN,NaN
17,4,0.6,right,\RIGHT,4,42,0.57,23338.8072129188,NaN,NaN
17,4,0.6,right,\RIGHT,4,43,0.585,23338.9022232125,NaN,NaN
17,4,0.6,right,\RIGHT,4,44,0.6,23338.9972335061,NaN,NaN
17,4,0.6,right,\RIGHT,4,45,0.6,23339.0922437998,NaN,NaN
17,4,0.6,right,\RIGHT,4,46,0.6,23339.1872540935,NaN,NaN
17,4,0.6,right,\RIGHT,4,47,0.6,23339.2822643871,NaN,NaN
17,4,0.6,right,\RIGHT,4,48,0.6,23339.3772746808,NaN,NaN
17,4,0.6,right,\RIGHT,4,49,0.6,23339.4722849745,NaN,NaN
17,4,0.6,right,\RIGHT,4,50,0.6,23339.5672952681,NaN,NaN
17,4,0.6,right,\RIGHT,4,51,0.6,23339.6623055618,NaN,NaN
17,4,0.6,right,\RIGHT,4,52,0.6,23339.7573158554,NaN,NaN
17,4,0.6,right,\RIGHT,4,53,0.6,23339.8523261491,NaN,NaN
17,4,0.6,right,\RIGHT,4,54,0.6,23339.9473364428,NaN,NaN
17,4,0.6,right,\RIGHT,4,55,0.6,23340.0423467364,NaN,NaN
17,4,0.6,right,\RIGHT,4,56,0.6,23340.1373570301,NaN,NaN
17,4,0.6,right,\RIGHT,4,57,0.6,23340.2323673238,NaN,NaN
17,4,0.6,right,\RIGHT,4,58,0.6,23340.3273776174,NaN,NaN
17,4,0.6,right,\RIGHT,4,59,0.6,23340.4223879111,NaN,NaN
17,4,0.6,right,\RIGHT,4,60,0.6,23340.5173982047,NaN,NaN
17,4,0.6,right,\RIGHT,4,61,0.6,23340.6124084984,NaN,NaN
17,4,0.6,right,\RIGHT,4,62,0.6,23340.7074187921,NaN,NaN
17,4,0.6,right,\RIGHT,4,63,0.6,23340.8024290857,NaN,NaN
17,4,0.6,right,\RIGHT,4,64,0.6,23340.8974393794,NaN,NaN
17,4,0.6,right,\RIGHT,4,65,0.6,23340.9924496731,NaN,NaN
17,4,0.6,right,\RIGHT,4,66,0.6,23341.0874599667,NaN,NaN
17,4,0.6,right,\RIGHT,4,67,0.6,23341.1824702604,NaN,NaN
17,4,0.6,right,\RIGHT,4,68,0.6,23341.277480554,NaN,NaN
17,4,0.6,right,\RIGHT,4,69,0.6,23341.3724908477,NaN,NaN
17,4,0.6,right,\RIGHT,4,70,0.6,23341.4675011414,NaN,NaN
17,4,0.6,right,\RIGHT,4,71,0.6,23341.562511435,NaN,NaN
17,4,0.6,right,\RIGHT,4,72,0.6,23341.6575217287,NaN,NaN
17,4,0.6,right,\RIGHT,4,73,0.6,23341.7525320224,NaN,NaN
17,4,0.6,right,\RIGHT,4,74,0.6,23341.847542316,NaN,NaN
17,4,0.6,right,\RIGHT,4,75,0.6,23341.9425526097,NaN,NaN
17,4,0.6,right,\RIGHT,4,76,0.6,23342.0375629034,NaN,NaN
17,4,0.6,right,\RIGHT,4,77,0.6,23342.132573197,NaN,NaN
17,4,0.6,right,\RIGHT,4,78,0.6,23342.2275834907,NaN,NaN
17,4,0.6,right,\RIGHT,4,79,0.6,23342.3225937843,NaN,NaN
17,4,0.6,right,\RIGHT,4,80,0.6,23342.417604078,NaN,NaN
17,4,0.6,right,\RIGHT,4,81,0.6,23342.5126143717,NaN,NaN
17,4,0.6,right,\RIGHT,4,82,0.6,23342.6076246653,NaN,NaN
17,4,0.6,right,\RIGHT,4,83,0.6,23342.702634959,NaN,NaN
17,4,0.6,right,\RIGHT,4,84,0.6,23342.7976452527,NaN,NaN
17,4,0.6,right,\RIGHT,4,85,0.6,23342.8926555463,NaN,NaN
17,4,0.6,right,\RIGHT,4,86,0.6,23342.98766584,NaN,NaN
17,4,0.6,right,\RIGHT,4,87,0.6,23343.0826761336,NaN,NaN
17,4,0.6,right,\RIGHT,4,88,0.6,23343.1776864273,NaN,NaN
17,4,0.6,right,\RIGHT,4,89,0.6,23343.272696721,NaN,NaN
17,4,0.6,right,\RIGHT,4,90,0.6,23343.3677070146,NaN,NaN
17,4,0.6,right,\RIGHT,4,91,0.6,23343.4627173083,NaN,NaN
17,4,0.6,right,\RIGHT,4,92,0.6,23343.557727602,NaN,NaN
17,4,0.6,right,\RIGHT,4,93,0.6,23343.6527378956,NaN,NaN
17,4,0.6,right,\RIGHT,4,94,0.6,23343.7477481893,NaN,NaN
17,4,0.6,right,\RIGHT,4,95,0.6,23343.842758483,NaN,NaN
17,4,0.6,right,\RIGHT,4,96,0.6,23343.9377687766,NaN,NaN
17,4,0.6,right,\RIGHT,4,97,0.6,23344.0327790703,NaN,NaN
17,4,0.6,right,\RIGHT,4,98,0.6,23344.1277893639,NaN,NaN
17,4,0.6,right,\RIGHT,4,99,0.6,23344.2227996576,NaN,NaN
17,4,0.6,right,\RIGHT,4,100,0.6,23344.3178099513,NaN,NaN
17,4,0.6,right,\RIGHT,4,101,0.6,23344.4128202449,NaN,NaN
17,4,0.6,right,\RIGHT,4,102,0.6,23344.5078305386,NaN,NaN
17,4,0.6,right,\RIGHT,4,103,0.6,23344.6028408323,NaN,NaN
17,4,0.6,right,\RIGHT,4,104,0.6,23344.6978511259,NaN,NaN
17,4,0.6,right,\RIGHT,4,105,0.6,23344.7928614196,NaN,NaN
17,4,0.6,right,\RIGHT,4,106,0.6,23344.8878717132,NaN,NaN
17,4,0.6,right,\RIGHT,4,107,0.6,23344.9828820069,NaN,NaN
17,4,0.6,right,\RIGHT,4,108,0.6,23345.0778923006,NaN,NaN
17,4,0.6,right,\RIGHT,4,109,0.6,23345.1729025942,NaN,NaN
17,4,0.6,right,\RIGHT,4,110,0.6,23345.2679128879,NaN,NaN
17,4,0.6,right,\RIGHT,4,111,0.6,23345.3629231816,NaN,NaN
17,4,0.6,right,\RIGHT,4,112,0.6,23345.4579334752,NaN,NaN
17,4,0.6,right,\RIGHT,4,113,0.6,23345.5529437689,NaN,NaN
17,4,0.6,right,\RIGHT,4,114,0.6,23345.6479540625,NaN,NaN
17,4,0.6,right,\RIGHT,4,115,0.6,23345.7429643562,NaN,NaN
17,4,0.6,right,\RIGHT,4,116,0.6,23345.8379746499,NaN,NaN
17,4,0.6,right,\RIGHT,4,117,0.6,23345.9329849435,NaN,NaN
17,4,0.6,right,\RIGHT,4,118,0.6,23346.0279952372,NaN,NaN
17,4,0.6,right,\RIGHT,4,119,0.6,23346.1230055309,NaN,NaN
17,4,0.6,right,\RIGHT,4,120,0.6,23346.2180158245,NaN,NaN
17,4,0.6,right,\RIGHT,4,121,0.6,23346.3130261182,NaN,NaN
17,4,0.6,right,\RIGHT,4,122,0.6,23346.4080364119,NaN,NaN
17,4,0.6,right,\RIGHT,4,123,0.6,23346.5030467055,NaN,NaN
17,4,0.6,right,\RIGHT,4,124,0.6,23346.5980569992,NaN,NaN
17,4,0.6,right,\RIGHT,4,125,0.6,23346.6930672928,NaN,NaN
17,4,0.6,right,\RIGHT,4,126,0.6,23346.7880775865,NaN,NaN
17,4,0.6,right,\RIGHT,4,127,0.6,23346.8830878802,NaN,NaN
17,4,0.6,right,\RIGHT,4,128,0.6,23346.9780981738,NaN,NaN
17,4,0.6,right,\RIGHT,4,129,0.6,23347.0731084675,NaN,NaN
17,4,0.6,right,\RIGHT,4,130,0.6,23347.1681187612,NaN,NaN
17,4,0.6,right,\RIGHT,4,131,0.6,23347.2631290548,NaN,NaN
17,4,0.6,right,\RIGHT,4,132,0.6,23347.3581393485,NaN,NaN
17,4,0.6,right,\RIGHT,4,133,0.6,23347.4531496421,NaN,NaN
17,4,0.6,right,\RIGHT,4,134,0.6,23347.5481599358,NaN,NaN
17,4,0.6,right,\RIGHT,4,135,0.6,23347.6431702295,NaN,NaN
17,4,0.6,right,\RIGHT,4,136,0.6,23347.7381805231,NaN,NaN
17,4,0.6,right,\RIGHT,4,137,0.6,23347.8331908168,NaN,NaN
17,4,0.6,right,\RIGHT,4,138,0.6,23347.9282011105,NaN,NaN
17,4,0.6,right,\RIGHT,4,139,0.6,23348.0232114041,NaN,NaN
17,4,0.6,right,\RIGHT,4,140,0.6,23348.1182216978,NaN,NaN
17,4,0.6,right,\RIGHT,4,141,0.6,23348.2132319915,NaN,NaN
17,4,0.6,right,\RIGHT,4,142,0.6,23348.3082422851,NaN,NaN
17,4,0.6,right,\RIGHT,4,143,0.6,23348.4032525788,NaN,NaN
17,4,0.6,right,\RIGHT,4,144,0.6,23348.4982628724,NaN,NaN
17,4,0.6,right,\RIGHT,4,145,0.6,23348.5932731661,NaN,NaN
17,4,0.6,right,\RIGHT,4,146,0.6,23348.6882834598,NaN,NaN
17,4,0.6,right,\RIGHT,4,147,0.6,23348.7832937534,NaN,NaN
17,4,0.6,right,\RIGHT,4,148,0.6,23348.8783040471,NaN,NaN
17,4,0.6,right,\RIGHT,4,149,0.6,23348.9733143408,NaN,NaN
17,4,0.6,right,\RIGHT,4,150,0.6,23349.0683246344,NaN,NaN
17,4,0.6,right,\RIGHT,4,151,0.6,23349.1633349281,NaN,NaN
17,4,0.6,right,\RIGHT,4,152,0.6,23349.2583452217,NaN,NaN
17,4,0.6,right,\RIGHT,4,153,0.6,23349.3533555154,NaN,NaN
17,4,0.6,right,\RIGHT,4,154,0.6,23349.4483658091,NaN,NaN
17,4,0.6,right,\RIGHT,4,155,0.6,23349.5433761027,NaN,NaN
17,4,0.6,right,\RIGHT,4,156,0.6,23349.6383863964,NaN,NaN
17,4,0.6,right,\RIGHT,4,157,0.6,23349.7333966901,NaN,NaN
17,4,0.6,right,\RIGHT,4,158,0.6,23349.8284069837,NaN,NaN
17,4,0.6,right,\RIGHT,4,159,0.6,23349.9234172774,NaN,NaN
17,4,0.6,right,\RIGHT,4,160,0.6,23350.0184275711,NaN,NaN
17,4,0.6,right,\RIGHT,4,161,0.6,23350.1134378647,NaN,NaN
17,4,0.6,right,\RIGHT,4,162,0.6,23350.2084481584,NaN,NaN
17,4,0.6,right,\RIGHT,4,163,0.6,23350.303458452,NaN,NaN
17,4,0.6,right,\RIGHT,4,164,0.6,23350.3984687457,NaN,NaN
17,4,0.6,right,\RIGHT,4,165,0.6,23350.4934790394,NaN,NaN
17,4,0.6,right,\RIGHT,4,166,0.6,23350.588489333,NaN,NaN
17,4,0.6,right,\RIGHT,4,167,0.6,23350.6834996267,NaN,NaN
17,4,0.6,right,\RIGHT,4,168,0.6,23350.7785099204,NaN,NaN
17,4,0.6,right,\RIGHT,4,169,0.6,23350.873520214,NaN,NaN
17,4,0.6,right,\RIGHT,4,170,0.6,23350.9685305077,NaN,NaN
17,4,0.6,right,\RIGHT,4,171,0.6,23351.0635408013,NaN,NaN
17,4,0.6,right,\RIGHT,4,172,0.6,23351.158551095,NaN,NaN
17,4,0.6,right,\RIGHT,4,173,0.6,23351.2535613887,NaN,NaN
17,4,0.6,right,\RIGHT,4,174,0.6,23351.3485716823,NaN,NaN
17,4,0.6,right,\RIGHT,4,175,0.6,23351.443581976,NaN,NaN
17,4,0.6,right,\RIGHT,4,176,0.6,23351.5385922697,NaN,NaN
17,4,0.6,right,\RIGHT,4,177,0.6,23351.6336025633,NaN,NaN
17,4,0.6,right,\RIGHT,4,178,0.6,23351.728612857,NaN,NaN
17,4,0.6,right,\RIGHT,4,179,0.6,23351.8236231506,NaN,NaN
17,4,0.6,right,\RIGHT,4,180,0.6,23351.9186334443,NaN,NaN
17,4,0.6,right,\RIGHT,4,181,0.6,23352.013643738,NaN,NaN
17,4,0.6,right,\RIGHT,4,182,0.6,23352.1086540316,NaN,NaN
17,4,0.6,right,\RIGHT,4,183,0.6,23352.2036643253,NaN,NaN
17,4,0.6,right,\RIGHT,4,184,0.6,23352.298674619,NaN,NaN
17,4,0.6,right,\RIGHT,4,185,0.6,23352.3936849126,NaN,NaN
17,4,0.6,right,\RIGHT,4,186,0.6,23352.4886952063,NaN,NaN
17,4,0.6,right,\RIGHT,4,187,0.6,23352.5837055,NaN,NaN
17,4,0.6,right,\RIGHT,4,188,0.6,23352.6787157936,NaN,NaN
17,4,0.6,right,\RIGHT,4,189,0.6,23352.7737260873,NaN,NaN
17,4,0.6,right,\RIGHT,4,190,0.6,23352.8687363809,NaN,NaN
17,4,0.6,right,\RIGHT,4,191,0.6,23352.9637466746,NaN,NaN
17,4,0.6,right,\RIGHT,4,192,0.6,23353.0587569683,NaN,NaN
17,4,0.6,right,\RIGHT,4,193,0.6,23353.1537672619,NaN,NaN
17,4,0.6,right,\RIGHT,4,194,0.6,23353.2487775556,NaN,NaN
17,4,0.6,right,\RIGHT,4,195,0.6,23353.3437878493,NaN,NaN
17,4,0.6,right,\RIGHT,4,196,0.6,23353.4387981429,NaN,NaN
17,4,0.6,right,\RIGHT,4,197,0.6,23353.5338084366,NaN,NaN
17,4,0.6,right,\RIGHT,4,198,0.6,23353.6288187302,NaN,NaN
17,4,0.6,right,\RIGHT,4,199,0.6,23353.7238290239,NaN,NaN
17,4,0.6,right,\RIGHT,4,200,0.6,23353.8188393176,NaN,NaN
17,4,0.6,right,\RIGHT,4,201,0.6,23353.9138496112,NaN,NaN
17,4,0.6,right,\RIGHT,4,202,0.6,23354.0088599049,NaN,NaN
17,6,0.6,left,\LEFT,5,1,0,23340.4854441759,23340.4854441759,-0.000474253913125722
17,6,0.6,left,\LEFT,5,2,0,23340.5804544695,23340.5055034484,0.00958088924380718
17,6,0.6,left,\LEFT,5,3,0,23340.6754647632,23340.5855126369,-0.000325083514326252
17,6,0.6,left,\LEFT,5,4,0,23340.7704750568,23340.6855741553,-0.000231579007959226
17,6,0.6,left,\LEFT,5,5,0,23340.8654853505,23340.7756312424,-0.000256597595580388
17,6,0.6,left,\LEFT,5,6,0,23340.9604956442,23340.8756710271,-0.000253312678978546
17,6,0.6,left,\LEFT,5,7,0.015,23341.0555059378,23340.9657386792,-0.000246032614086289
17,6,0.6,left,\LEFT,5,8,0.03,23341.1505162315,23341.0658137811,0.00976141720457235
17,6,0.6,left,\LEFT,5,9,0.045,23341.2455265252,23341.1558790183,-0.00024844746440067
17,6,0.6,left,\LEFT,5,10,0.06,23341.3405368188,23341.2559514035,0.00975870049660443
17,6,0.6,left,\LEFT,5,11,0.075,23341.4355471125,23341.3459764938,-0.000288594386802288
17,6,0.6,left,\LEFT,5,12,0.09,23341.5305574062,23341.4460253342,0.00973515568693983
17,6,0.6,left,\LEFT,5,13,0.105,23341.6255676998,23341.5361053624,-0.00023365649394691
17,6,0.6,left,\LEFT,5,14,0.12,23341.7205779935,23341.6361931423,0.00977409517872729
17,6,0.6,left,\LEFT,5,15,0.135,23341.8155882871,23341.7262484183,-0.000258408730587689
17,6,0.6,left,\LEFT,5,16,0.15,23341.9105985808,23341.8263177849,0.00975568193098297
17,6,0.6,left,\LEFT,5,17,0.165,23342.0056088745,23341.9163772869,-0.00025418273799005
17,6,0.6,left,\LEFT,5,18,0.18,23342.1006191681,23342.0164158641,0.00972489256309927
17,6,0.6,left,\LEFT,5,19,0.195,23342.1956294618,23342.106500722,-0.00022882678968017
17,6,0.6,left,\LEFT,5,20,0.21,23342.2906397555,23342.2065685794,0.00975417264635325
17,6,0.6,left,\LEFT,5,21,0.225,23342.3856500491,23342.2966350241,-0.00024724003742449
17,6,0.6,left,\LEFT,5,22,0.24,23342.4806603428,23342.3863893491,-0.000559359701583162
17,6,0.6,left,\LEFT,5,23,0.255,23342.5756706364,23342.4867098603,2.74138983513694e-05
17,6,0.6,left,\LEFT,5,24,0.27,23342.6706809301,23342.5767738901,-0.000249654891376849
17,6,0.6,left,\LEFT,5,25,0.285,23342.7656912238,23342.6768776684,-0.000189319096534746
17,6,0.6,left,\LEFT,5,26,0.3,23342.8607015174,23342.766904268,-0.000287085102172568
17,6,0.6,left,\LEFT,5,27,0.315,23342.9557118111,23342.867004424,-0.000192941373825306
17,6,0.6,left,\LEFT,5,28,0.33,23343.0507221048,23342.957053361,-0.000264747719484149
17,6,0.6,left,\LEFT,5,29,0.345,23343.1457323984,23343.0570994847,-0.000246973693720065
17,6,0.6,left,\LEFT,5,30,0.36,23343.2407426921,23343.1471556662,-0.000257503161265049
17,6,0.6,left,\LEFT,5,31,0.375,23343.3357529857,23343.2472202031,-0.000228560445975745
17,6,0.6,left,\LEFT,5,32,0.39,23343.4307632794,23343.3372818181,-0.000252069745329209
17,6,0.6,left,\LEFT,5,33,0.405,23343.5257735731,23343.4373762388,-0.000198676647414686
17,6,0.6,left,\LEFT,5,34,0.42,23343.6207838667,23343.5374302108,0.00974028724522213
17,6,0.6,left,\LEFT,5,35,0.435,23343.7157941604,23343.6274613382,-0.000282557251921389
17,6,0.6,left,\LEFT,5,36,0.45,23343.8108044541,23343.717561289,-0.000213733965210849
17,6,0.6,left,\LEFT,5,37,0.465,23343.9058147477,23343.8176243166,-0.000230069726967486
17,6,0.6,left,\LEFT,5,38,0.48,23344.0008250414,23343.9076826111,-0.000255390168604208
17,6,0.6,left,\LEFT,5,39,0.495,23344.0958353351,23344.0077498648,-0.000225843734369846
17,6,0.6,left,\LEFT,5,40,0.51,23344.1908456287,23344.0978054426,-0.000258106876572128
17,6,0.6,left,\LEFT,5,41,0.525,23344.2858559224,23344.1978868835,-0.000211656479223166
17,6,0.6,left,\LEFT,5,42,0.54,23344.380866216,23344.2879530263,-0.000247541895078029
17,6,0.6,left,\LEFT,5,43,0.555,23344.4758765097,23344.3880187706,-0.000227353022637544
17,6,0.6,left,\LEFT,5,44,0.57,23344.5708868034,23344.4780281644,-0.000304290922940709
17,6,0.6,left,\LEFT,5,45,0.585,23344.665897097,23344.5781277167,-0.000193545089132385
17,6,0.6,left,\LEFT,5,46,0.6,23344.7609073907,23344.6681832945,-0.00025810687293415
17,6,0.6,left,\LEFT,5,47,0.6,23344.8559176844,23344.7682547742,-0.000221617745410185
17,6,0.6,left,\LEFT,5,48,0.6,23344.950927978,23344.858310352,-0.000258106876572128
17,6,0.6,left,\LEFT,5,49,0.6,23345.0459382717,23344.9583362513,-0.000267198083747644
17,6,0.6,left,\LEFT,5,50,0.6,23345.1409485653,23345.0484301649,-0.00021977109281579
17,6,0.6,left,\LEFT,5,51,0.6,23345.235958859,23345.1484986259,-0.000224636311031645
17,6,0.6,left,\LEFT,5,52,0.6,23345.3309691527,23345.2385131513,-0.000299159364658408
17,6,0.6,left,\LEFT,5,53,0.6,23345.4259794463,23345.338628702,-0.000177546691702446
17,6,0.6,left,\LEFT,5,54,0.6,23345.52098974,23345.428673413,-0.000268973708443809
17,6,0.6,left,\LEFT,5,55,0.6,23345.6160000337,23345.5287464019,-0.000220108464418445
17,6,0.6,left,\LEFT,5,56,0.6,23345.7110103273,23345.6287991664,0.00973907982188393
17,6,0.6,left,\LEFT,5,57,0.6,23345.806020621,23345.7188779872,-0.00023486392092309
17,6,0.6,left,\LEFT,5,58,0.6,23345.9010309147,23345.8089353761,-0.000256295734288869
17,6,0.6,left,\LEFT,5,59,0.6,23345.9960412083,23345.9090119873,-0.000216486187127884
17,6,0.6,left,\LEFT,5,60,0.6,23346.091051502,23345.9990379832,-0.000287688813841669
17,6,0.6,left,\LEFT,5,61,0.6,23346.1860617956,23346.0991167074,-0.000214373187191086
17,6,0.6,left,\LEFT,5,62,0.6,23346.2810720893,23346.1891731908,-0.000257201307249488
17,6,0.6,left,\LEFT,5,63,0.6,23346.376082383,23346.2892464816,-0.000219806606764905
17,6,0.6,left,\LEFT,5,64,0.6,23346.4710926766,23346.3793026631,-0.000257503161265049
17,6,0.6,left,\LEFT,5,65,0.6,23346.5661029703,23346.4793638796,-0.000231880869250745
17,6,0.6,left,\LEFT,5,66,0.6,23346.661113264,23346.5694445115,-0.000233052782277809
17,6,0.6,left,\LEFT,5,67,0.6,23346.7561235576,NaN,NaN
17,6,0.6,left,\LEFT,5,68,0.6,23346.8511338513,NaN,NaN
17,6,0.6,left,\LEFT,5,69,0.6,23346.9461441449,NaN,NaN
17,6,0.6,left,\LEFT,5,70,0.6,23347.0411544386,NaN,NaN
17,6,0.6,left,\LEFT,5,71,0.6,23347.1361647323,NaN,NaN
17,6,0.6,left,\LEFT,5,72,0.6,23347.2311750259,NaN,NaN
17,6,0.6,left,\LEFT,5,73,0.6,23347.3261853196,NaN,NaN
17,6,0.6,left,\LEFT,5,74,0.6,23347.4211956133,NaN,NaN
17,6,0.6,left,\LEFT,5,75,0.6,23347.5162059069,NaN,NaN
17,6,0.6,left,\LEFT,5,76,0.6,23347.6112162006,NaN,NaN
17,6,0.6,left,\LEFT,5,77,0.6,23347.7062264943,NaN,NaN
17,6,0.6,left,\LEFT,5,78,0.6,23347.8012367879,NaN,NaN
17,6,0.6,left,\LEFT,5,79,0.6,23347.8962470816,NaN,NaN
17,6,0.6,left,\LEFT,5,80,0.6,23347.9912573752,NaN,NaN
17,6,0.6,left,\LEFT,5,81,0.6,23348.0862676689,NaN,NaN
17,6,0.6,left,\LEFT,5,82,0.6,23348.1812779626,NaN,NaN
17,6,0.6,left,\LEFT,5,83,0.6,23348.2762882562,NaN,NaN
17,6,0.6,left,\LEFT,5,84,0.6,23348.3712985499,NaN,NaN
17,6,0.6,left,\LEFT,5,85,0.6,23348.4663088436,NaN,NaN
17,6,0.6,left,\LEFT,5,86,0.6,23348.5613191372,NaN,NaN
17,6,0.6,left,\LEFT,5,87,0.6,23348.6563294309,NaN,NaN
17,6,0.6,left,\LEFT,5,88,0.6,23348.7513397245,NaN,NaN
17,6,0.6,left,\LEFT,5,89,0.6,23348.8463500182,NaN,NaN
17,6,0.6,left,\LEFT,5,90,0.6,23348.9413603119,NaN,NaN
17,6,0.6,left,\LEFT,5,91,0.6,23349.0363706055,NaN,NaN
17,6,0.6,left,\LEFT,5,92,0.6,23349.1313808992,NaN,NaN
17,6,0.6,left,\LEFT,5,93,0.6,23349.2263911929,NaN,NaN
17,6,0.6,left,\LEFT,5,94,0.6,23349.3214014865,NaN,NaN
17,6,0.6,left,\LEFT,5,95,0.6,23349.4164117802,NaN,NaN
17,6,0.6,left,\LEFT,5,96,0.6,23349.5114220739,NaN,NaN
17,6,0.6,left,\LEFT,5,97,0.6,23349.6064323675,NaN,NaN
17,6,0.6,left,\LEFT,5,98,0.6,23349.7014426612,NaN,NaN
17,6,0.6,left,\LEFT,5,99,0.6,23349.7964529548,NaN,NaN
17,6,0.6,left,\LEFT,5,100,0.6,23349.8914632485,NaN,NaN
17,6,0.6,left,\LEFT,5,101,0.6,23349.9864735422,NaN,NaN
17,6,0.6,left,\LEFT,5,102,0.6,23350.0814838358,NaN,NaN
17,6,0.6,left,\LEFT,5,103,0.6,23350.1764941295,NaN,NaN
17,6,0.6,left,\LEFT,5,104,0.6,23350.2715044232,NaN,NaN
17,6,0.6,left,\LEFT,5,105,0.6,23350.3665147168,NaN,NaN
17,6,0.6,left,\LEFT,5,106,0.6,23350.4615250105,NaN,NaN
17,6,0.6,left,\LEFT,5,107,0.6,23350.5565353041,NaN,NaN
17,6,0.6,left,\LEFT,5,108,0.6,23350.6515455978,NaN,NaN
17,6,0.6,left,\LEFT,5,109,0.6,23350.7465558915,NaN,NaN
17,6,0.6,left,\LEFT,5,110,0.6,23350.8415661851,NaN,NaN
17,6,0.6,left,\LEFT,5,111,0.6,23350.9365764788,NaN,NaN
17,6,0.6,left,\LEFT,5,112,0.6,23351.0315867725,NaN,NaN
17,6,0.6,left,\LEFT,5,113,0.6,23351.1265970661,NaN,NaN
17,6,0.6,left,\LEFT,5,114,0.6,23351.2216073598,NaN,NaN
17,6,0.6,left,\LEFT,5,115,0.6,23351.3166176535,NaN,NaN
17,6,0.6,left,\LEFT,5,116,0.6,23351.4116279471,NaN,NaN
17,6,0.6,left,\LEFT,5,117,0.6,23351.5066382408,NaN,NaN
17,6,0.6,left,\LEFT,5,118,0.6,23351.6016485344,NaN,NaN
17,6,0.6,left,\LEFT,5,119,0.6,23351.6966588281,NaN,NaN
17,6,0.6,left,\LEFT,5,120,0.6,23351.7916691218,NaN,NaN
17,6,0.6,left,\LEFT,5,121,0.6,23351.8866794154,NaN,NaN
17,6,0.6,left,\LEFT,5,122,0.6,23351.9816897091,NaN,NaN
17,6,0.6,left,\LEFT,5,123,0.6,23352.0767000028,NaN,NaN
17,6,0.6,left,\LEFT,5,124,0.6,23352.1717102964,NaN,NaN
17,6,0.6,left,\LEFT,5,125,0.6,23352.2667205901,NaN,NaN
17,6,0.6,left,\LEFT,5,126,0.6,23352.3617308837,NaN,NaN
17,6,0.6,left,\LEFT,5,127,0.6,23352.4567411774,NaN,NaN
17,6,0.6,left,\LEFT,5,128,0.6,23352.5517514711,NaN,NaN
17,6,0.6,left,\LEFT,5,129,0.6,23352.6467617647,NaN,NaN
17,6,0.6,left,\LEFT,5,130,0.6,23352.7417720584,NaN,NaN
17,6,0.6,left,\LEFT,5,131,0.6,23352.8367823521,NaN,NaN
17,6,0.6,left,\LEFT,5,132,0.6,23352.9317926457,NaN,NaN
17,6,0.6,left,\LEFT,5,133,0.6,23353.0268029394,NaN,NaN
17,6,0.6,left,\LEFT,5,134,0.6,23353.121813233,NaN,NaN
17,6,0.6,left,\LEFT,5,135,0.6,23353.2168235267,NaN,NaN
17,6,0.6,left,\LEFT,5,136,0.6,23353.3118338204,NaN,NaN
17,6,0.6,left,\LEFT,5,137,0.6,23353.406844114,NaN,NaN
17,6,0.6,left,\LEFT,5,138,0.6,23353.5018544077,NaN,NaN
17,6,0.6,left,\LEFT,5,139,0.6,23353.5968647014,NaN,NaN
17,6,0.6,left,\LEFT,5,140,0.6,23353.691874995,NaN,NaN
17,6,0.6,left,\LEFT,5,141,0.6,23353.7868852887,NaN,NaN
17,6,0.6,left,\LEFT,5,142,0.6,23353.8818955824,NaN,NaN
17,6,0.6,left,\LEFT,5,143,0.6,23353.976905876,NaN,NaN
17,6,0.6,left,\LEFT,5,144,0.6,23354.0719161697,NaN,NaN
17,6,0.6,left,\LEFT,5,145,0.6,23354.1669264633,NaN,NaN
17,6,0.6,left,\LEFT,5,146,0.6,23354.261936757,NaN,NaN
17,6,0.6,left,\LEFT,5,147,0.6,23354.3569470507,NaN,NaN
17,6,0.6,left,\LEFT,5,148,0.6,23354.4519573443,NaN,NaN
17,6,0.6,left,\LEFT,5,149,0.6,23354.546967638,NaN,NaN
17,6,0.6,left,\LEFT,5,150,0.6,23354.6419779317,NaN,NaN
17,6,0.6,left,\LEFT,5,151,0.6,23354.7369882253,NaN,NaN
17,6,0.6,left,\LEFT,5,152,0.6,23354.831998519,NaN,NaN
17,6,0.6,left,\LEFT,5,153,0.6,23354.9270088126,NaN,NaN
17,6,0.6,left,\LEFT,5,154,0.6,23355.0220191063,NaN,NaN
17,6,0.6,left,\LEFT,5,155,0.6,23355.1170294,NaN,NaN
17,6,0.6,left,\LEFT,5,156,0.6,23355.2120396936,NaN,NaN
17,6,0.6,left,\LEFT,5,157,0.6,23355.3070499873,NaN,NaN
17,6,0.6,left,\LEFT,5,158,0.6,23355.402060281,NaN,NaN
17,6,0.6,left,\LEFT,5,159,0.6,23355.4970705746,NaN,NaN
17,6,0.6,left,\LEFT,5,160,0.6,23355.5920808683,NaN,NaN
17,6,0.6,left,\LEFT,5,161,0.6,23355.687091162,NaN,NaN
17,6,0.6,left,\LEFT,5,162,0.6,23355.7821014556,NaN,NaN
17,6,0.6,left,\LEFT,5,163,0.6,23355.8771117493,NaN,NaN
17,6,0.6,left,\LEFT,5,164,0.6,23355.9721220429,NaN,NaN
17,6,0.6,left,\LEFT,5,165,0.6,23356.0671323366,NaN,NaN
17,6,0.6,left,\LEFT,5,166,0.6,23356.1621426303,NaN,NaN
17,6,0.6,left,\LEFT,5,167,0.6,23356.2571529239,NaN,NaN
17,6,0.6,left,\LEFT,5,168,0.6,23356.3521632176,NaN,NaN
17,6,0.6,left,\LEFT,5,169,0.6,23356.4471735113,NaN,NaN
17,6,0.6,left,\LEFT,5,170,0.6,23356.5421838049,NaN,NaN
17,6,0.6,left,\LEFT,5,171,0.6,23356.6371940986,NaN,NaN
17,6,0.6,left,\LEFT,5,172,0.6,23356.7322043922,NaN,NaN
17,6,0.6,left,\LEFT,5,173,0.6,23356.8272146859,NaN,NaN
17,6,0.6,left,\LEFT,5,174,0.6,23356.9222249796,NaN,NaN
17,6,0.6,left,\LEFT,5,175,0.6,23357.0172352732,NaN,NaN
17,6,0.6,left,\LEFT,5,176,0.6,23357.1122455669,NaN,NaN
17,6,0.6,left,\LEFT,5,177,0.6,23357.2072558606,NaN,NaN
17,6,0.6,left,\LEFT,5,178,0.6,23357.3022661542,NaN,NaN
17,6,0.6,left,\LEFT,5,179,0.6,23357.3972764479,NaN,NaN
17,6,0.6,left,\LEFT,5,180,0.6,23357.4922867416,NaN,NaN
17,6,0.6,left,\LEFT,5,181,0.6,23357.5872970352,NaN,NaN
17,6,0.6,left,\LEFT,5,182,0.6,23357.6823073289,NaN,NaN
17,6,0.6,left,\LEFT,5,183,0.6,23357.7773176225,NaN,NaN
17,6,0.6,left,\LEFT,5,184,0.6,23357.8723279162,NaN,NaN
17,6,0.6,left,\LEFT,5,185,0.6,23357.9673382099,NaN,NaN
17,6,0.6,left,\LEFT,5,186,0.6,23358.0623485035,NaN,NaN
17,6,0.6,left,\LEFT,5,187,0.6,23358.1573587972,NaN,NaN
17,6,0.6,left,\LEFT,5,188,0.6,23358.2523690909,NaN,NaN
17,6,0.6,left,\LEFT,5,189,0.6,23358.3473793845,NaN,NaN
17,6,0.6,left,\LEFT,5,190,0.6,23358.4423896782,NaN,NaN
17,6,0.6,left,\LEFT,5,191,0.6,23358.5373999718,NaN,NaN
17,6,0.6,left,\LEFT,5,192,0.6,23358.6324102655,NaN,NaN
17,6,0.6,left,\LEFT,5,193,0.6,23358.7274205592,NaN,NaN
17,6,0.6,left,\LEFT,5,194,0.6,23358.8224308528,NaN,NaN
17,6,0.6,left,\LEFT,5,195,0.6,23358.9174411465,NaN,NaN
17,6,0.6,left,\LEFT,5,196,0.6,23359.0124514402,NaN,NaN
17,6,0.6,left,\LEFT,5,197,0.6,23359.1074617338,NaN,NaN
17,6,0.6,left,\LEFT,5,198,0.6,23359.2024720275,NaN,NaN
17,6,0.6,left,\LEFT,5,199,0.6,23359.2974823211,NaN,NaN
17,6,0.6,left,\LEFT,5,200,0.6,23359.3924926148,NaN,NaN
17,6,0.6,left,\LEFT,5,201,0.6,23359.4875029085,NaN,NaN
17,6,0.6,left,\LEFT,5,202,0.6,23359.5825132021,NaN,NaN
17,11,0.6,right,\LEFT,6,1,0,23348.5506949945,23348.5506949945,-0.000487837456603302
17,11,0.6,right,\LEFT,6,2,0,23348.6457052882,23348.6007382807,0.0395649029196647
17,11,0.6,right,\LEFT,6,3,0,23348.7407155818,23348.6507797558,-0.000354558913386427
17,11,0.6,right,\LEFT,6,4,0,23348.8357258755,23348.7508189368,-0.000253916397923604
17,11,0.6,right,\LEFT,6,5,0,23348.9307361691,23348.8408874944,-0.00024512704112567
17,11,0.6,right,\LEFT,6,6,0,23349.0257464628,23348.940986443,-0.000194148800801486
17,11,0.6,right,\LEFT,6,7,0,23349.1207567565,23349.0310320596,-0.000268068142759148
17,11,0.6,right,\LEFT,6,8,0,23349.2157670501,23349.1311029355,0.00975719121561269
17,11,0.6,right,\LEFT,6,9,0,23349.3107773438,23349.2211847748,-0.00023184535530163
17,11,0.6,right,\LEFT,6,10,0,23349.4057876375,23349.3212345208,0.00973606125626247
17,11,0.6,right,\LEFT,6,11,0,23349.5007979311,23349.4112879856,-0.000260219872870948
17,11,0.6,right,\LEFT,6,12,0.015,23349.5958082248,23349.5113775766,0.00977590632101055
17,11,0.6,right,\LEFT,6,13,0.03,23349.6908185185,23349.6014029688,-0.000288292529148748
17,11,0.6,right,\LEFT,6,14,0.045,23349.7858288121,23349.7014696187,0.00975296522301505
17,11,0.6,right,\LEFT,6,15,0.06,23349.8808391058,23349.7915457228,-0.000237580632528989
17,11,0.6,right,\LEFT,6,16,0.075,23349.9758493994,23349.8916072412,0.00974783366473275
17,11,0.6,right,\LEFT,6,17,0.09,23350.0708596931,23349.9816588949,-0.000262031011516228
17,11,0.6,right,\LEFT,6,18,0.105,23350.1658699868,23350.0817077353,0.00973515568693983
17,11,0.6,right,\LEFT,6,19,0.12,23350.2608802804,23350.1717602945,-0.000261125442193588
17,11,0.6,right,\LEFT,6,20,0.135,23350.3558905741,23350.2718245296,0.00975055037270067
17,11,0.6,right,\LEFT,6,21,0.15,23350.4509008678,23350.3619178395,-0.00022037480812287
17,11,0.6,right,\LEFT,6,22,0.165,23350.5459111614,23350.4520196014,-0.000211922826565569
17,11,0.6,right,\LEFT,6,23,0.18,23350.6409214551,23350.5520252763,-0.000287422470137244
17,11,0.6,right,\LEFT,6,24,0.195,23350.7359317487,23350.6420929283,-0.000246032614086289
17,11,0.6,right,\LEFT,6,25,0.21,23350.8309420424,23350.7421568616,-0.000229164157644846
17,11,0.6,right,\LEFT,6,26,0.225,23350.9259523361,23350.8322326638,-0.000237882486544549
17,11,0.6,right,\LEFT,6,27,0.24,23351.0209626297,23350.932292371,-0.000233390150242485
17,11,0.6,right,\LEFT,6,28,0.255,23351.1159729234,23351.0223446284,-0.000261427296209149
17,11,0.6,right,\LEFT,6,29,0.27,23351.2109832171,23351.1223789797,-0.000258746102190344
17,11,0.6,right,\LEFT,6,30,0.285,23351.3059935107,23351.2124236907,-0.000268973708443809
17,11,0.6,right,\LEFT,6,31,0.3,23351.4010038044,23351.3125292801,-0.000187507957889466
17,11,0.6,right,\LEFT,6,32,0.315,23351.4960140981,23351.4025924043,-0.000250560460699489
17,11,0.6,right,\LEFT,6,33,0.33,23351.5910243917,23351.5026593561,-0.000226145592023386
17,11,0.6,right,\LEFT,6,34,0.345,23351.6860346854,23351.5927128209,-0.000260219872870948
17,11,0.6,right,\LEFT,6,35,0.36,23351.781044979,23351.6927809801,-0.000224938165047206
17,11,0.6,right,\LEFT,6,36,0.375,23351.8760552727,23351.7928621192,0.00976745433581527
17,11,0.6,right,\LEFT,6,37,0.39,23351.9710655664,23351.882905019,-0.000270784850727068
17,11,0.6,right,\LEFT,6,38,0.405,23352.06607586,23351.9729726711,-0.000246032614086289
17,11,0.6,right,\LEFT,6,39,0.42,23352.1610861537,23352.0730347932,-0.000230975296290126
17,11,0.6,right,\LEFT,6,40,0.435,23352.2560964474,23352.1630994267,-0.000249051179707749
17,11,0.6,right,\LEFT,6,41,0.45,23352.351106741,23352.2631669822,-0.000225541880354285
17,11,0.6,right,\LEFT,6,42,0.465,23352.4461170347,23352.3531790927,-0.000301574218610767
17,11,0.6,right,\LEFT,6,43,0.48,23352.5411273283,23352.4532735134,-0.000198676647414686
17,11,0.6,right,\LEFT,6,44,0.495,23352.636137622,23352.5433342228,-0.000252975314651849
17,11,0.6,right,\LEFT,6,45,0.51,23352.7311479157,23352.6434195878,-0.000207732344279066
17,11,0.6,right,\LEFT,6,46,0.525,23352.8261582093,23352.7334742601,-0.00025901244225679
17,11,0.6,right,\LEFT,6,47,0.54,23352.921168503,23352.8335037817,-0.000263575806457084
17,11,0.6,right,\LEFT,6,48,0.555,23353.0161787967,23352.9235584539,-0.00025901244225679
17,11,0.6,right,\LEFT,6,49,0.57,23353.1111890903,23353.0236601192,-0.000191432092833566
17,11,0.6,right,\LEFT,6,50,0.585,23353.206199384,23353.1137153952,-0.000258408730587689
17,11,0.6,right,\LEFT,6,51,0.6,23353.3012096776,23353.2137808377,-0.000227654876653105
17,11,0.6,right,\LEFT,6,52,0.6,23353.3962199713,23353.3038412452,-0.000253277172305388
17,11,0.6,right,\LEFT,6,53,0.6,23353.491230265,23353.4038737853,-0.000260557237197645
17,11,0.6,right,\LEFT,6,54,0.6,23353.5862405586,23353.4939329854,-0.000254484595643589
17,11,0.6,right,\LEFT,6,55,0.6,23353.6812508523,23353.5940331414,-0.000192941377463285
17,11,0.6,right,\LEFT,6,56,0.6,23353.776261146,23353.6840908323,-0.00025599387663533
17,11,0.6,right,\LEFT,6,57,0.6,23353.8712714396,23353.7841529543,-0.000230975299928105
17,11,0.6,right,\LEFT,6,58,0.6,23353.9662817333,23353.8841806648,0.00971402573122759
17,11,0.6,right,\LEFT,6,59,0.6,23354.061292027,23353.9742622023,-0.000232147212955169
17,11,0.6,right,\LEFT,6,60,0.6,23354.1563023206,23354.064332571,-0.000243315906118369
17,11,0.6,right,\LEFT,6,61,0.6,23354.2513126143,23354.1644019377,-0.000223730741709005
17,11,0.6,right,\LEFT,6,62,0.6,23354.3463229079,23354.2544602322,-0.000255390164966229
17,11,0.6,right,\LEFT,6,63,0.6,23354.4413332016,23354.35451028,-0.000243049558775965
17,11,0.6,right,\LEFT,6,64,0.6,23354.5363434953,23354.444559217,-0.000264747719484149
17,11,0.6,right,\LEFT,6,65,0.6,23354.6313537889,23354.5446811067,-0.000171207702805987
17,11,0.6,right,\LEFT,6,66,0.6,23354.7263640826,23354.6347134416,-0.000281349828583188
17,11,0.6,right,\LEFT,6,67,0.6,23354.8213743763,23354.7347948824,-0.000211656479223166
17,11,0.6,right,\LEFT,6,68,0.6,23354.9163846699,23354.8248377823,-0.000270784850727068
17,11,0.6,right,\LEFT,6,69,0.6,23355.0113949636,23354.9248983951,-0.000232484580919845
17,11,0.6,right,\LEFT,6,70,0.6,23355.1064052572,23355.0149772159,-0.00023486392092309
17,11,0.6,right,\LEFT,6,71,0.6,23355.2014155509,23355.1150505066,-0.000219806606764905
17,11,0.6,right,\LEFT,6,72,0.6,23355.2964258446,23355.205060806,-0.000303385357256047
17,11,0.6,right,\LEFT,6,73,0.6,23355.3914361382,23355.3051513026,-0.000202600782358786
17,11,0.6,right,\LEFT,6,74,0.6,23355.4864464319,23355.3952008433,-0.000264144004177069
17,11,0.6,right,\LEFT,6,75,0.6,23355.5814567256,23355.4952747377,-0.000219202895095805
17,11,0.6,right,\LEFT,6,76,0.6,23355.6764670192,23355.5853363527,-0.000252069745329209
17,11,0.6,right,\LEFT,6,77,0.6,23355.7714773129,23355.6854066249,-0.000222825168748386
17,11,0.6,right,\LEFT,6,78,0.6,23355.8664876066,23355.7754600897,-0.000260219872870948
17,11,0.6,right,\LEFT,6,79,0.6,23355.9614979002,23355.8755324749,-0.000220712176087545
17,11,0.6,right,\LEFT,6,80,0.6,23356.0565081939,23355.9655805063,-0.000265653288806789
17,11,0.6,right,\LEFT,6,81,0.6,23356.1515184875,23356.065660438,-0.000213165760214906
17,11,0.6,right,\LEFT,6,82,0.6,23356.2465287812,23356.1556680206,-0.000306102065223968
17,11,0.6,right,\LEFT,6,83,0.6,23356.3415390749,NaN,NaN
17,11,0.6,right,\LEFT,6,84,0.6,23356.4365493685,NaN,NaN
17,11,0.6,right,\LEFT,6,85,0.6,23356.5315596622,NaN,NaN
17,11,0.6,right,\LEFT,6,86,0.6,23356.6265699559,NaN,NaN
17,11,0.6,right,\LEFT,6,87,0.6,23356.7215802495,NaN,NaN
17,11,0.6,right,\LEFT,6,88,0.6,23356.8165905432,NaN,NaN
17,11,0.6,right,\LEFT,6,89,0.6,23356.9116008368,NaN,NaN
17,11,0.6,right,\LEFT,6,90,0.6,23357.0066111305,NaN,NaN
17,11,0.6,right,\LEFT,6,91,0.6,23357.1016214242,NaN,NaN
17,11,0.6,right,\LEFT,6,92,0.6,23357.1966317178,NaN,NaN
17,11,0.6,right,\LEFT,6,93,0.6,23357.2916420115,NaN,NaN
17,11,0.6,right,\LEFT,6,94,0.6,23357.3866523052,NaN,NaN
17,11,0.6,right,\LEFT,6,95,0.6,23357.4816625988,NaN,NaN
17,11,0.6,right,\LEFT,6,96,0.6,23357.5766728925,NaN,NaN
17,11,0.6,right,\LEFT,6,97,0.6,23357.6716831861,NaN,NaN
17,11,0.6,right,\LEFT,6,98,0.6,23357.7666934798,NaN,NaN
17,11,0.6,right,\LEFT,6,99,0.6,23357.8617037735,NaN,NaN
17,11,0.6,right,\LEFT,6,100,0.6,23357.9567140671,NaN,NaN
17,11,0.6,right,\LEFT,6,101,0.6,23358.0517243608,NaN,NaN
17,11,0.6,right,\LEFT,6,102,0.6,23358.1467346545,NaN,NaN
17,11,0.6,right,\LEFT,6,103,0.6,23358.2417449481,NaN,NaN
17,11,0.6,right,\LEFT,6,104,0.6,23358.3367552418,NaN,NaN
17,11,0.6,right,\LEFT,6,105,0.6,23358.4317655355,NaN,NaN
17,11,0.6,right,\LEFT,6,106,0.6,23358.5267758291,NaN,NaN
17,11,0.6,right,\LEFT,6,107,0.6,23358.6217861228,NaN,NaN
17,11,0.6,right,\LEFT,6,108,0.6,23358.7167964164,NaN,NaN
17,11,0.6,right,\LEFT,6,109,0.6,23358.8118067101,NaN,NaN
17,11,0.6,right,\LEFT,6,110,0.6,23358.9068170038,NaN,NaN
17,11,0.6,right,\LEFT,6,111,0.6,23359.0018272974,NaN,NaN
17,11,0.6,right,\LEFT,6,112,0.6,23359.0968375911,NaN,NaN
17,11,0.6,right,\LEFT,6,113,0.6,23359.1918478848,NaN,NaN
17,11,0.6,right,\LEFT,6,114,0.6,23359.2868581784,NaN,NaN
17,11,0.6,right,\LEFT,6,115,0.6,23359.3818684721,NaN,NaN
17,11,0.6,right,\LEFT,6,116,0.6,23359.4768787657,NaN,NaN
17,11,0.6,right,\LEFT,6,117,0.6,23359.5718890594,NaN,NaN
17,11,0.6,right,\LEFT,6,118,0.6,23359.6668993531,NaN,NaN
17,11,0.6,right,\LEFT,6,119,0.6,23359.7619096467,NaN,NaN
17,11,0.6,right,\LEFT,6,120,0.6,23359.8569199404,NaN,NaN
17,11,0.6,right,\LEFT,6,121,0.6,23359.9519302341,NaN,NaN
17,11,0.6,right,\LEFT,6,122,0.6,23360.0469405277,NaN,NaN
17,11,0.6,right,\LEFT,6,123,0.6,23360.1419508214,NaN,NaN
17,11,0.6,right,\LEFT,6,124,0.6,23360.2369611151,NaN,NaN
17,11,0.6,right,\LEFT,6,125,0.6,23360.3319714087,NaN,NaN
17,11,0.6,right,\LEFT,6,126,0.6,23360.4269817024,NaN,NaN
17,11,0.6,right,\LEFT,6,127,0.6,23360.521991996,NaN,NaN
17,11,0.6,right,\LEFT,6,128,0.6,23360.6170022897,NaN,NaN
17,11,0.6,right,\LEFT,6,129,0.6,23360.7120125834,NaN,NaN
17,11,0.6,right,\LEFT,6,130,0.6,23360.807022877,NaN,NaN
17,11,0.6,right,\LEFT,6,131,0.6,23360.9020331707,NaN,NaN
17,11,0.6,right,\LEFT,6,132,0.6,23360.9970434644,NaN,NaN
17,11,0.6,right,\LEFT,6,133,0.6,23361.092053758,NaN,NaN
17,11,0.6,right,\LEFT,6,134,0.6,23361.1870640517,NaN,NaN
17,11,0.6,right,\LEFT,6,135,0.6,23361.2820743453,NaN,NaN
17,11,0.6,right,\LEFT,6,136,0.6,23361.377084639,NaN,NaN
17,11,0.6,right,\LEFT,6,137,0.6,23361.4720949327,NaN,NaN
17,11,0.6,right,\LEFT,6,138,0.6,23361.5671052263,NaN,NaN
17,11,0.6,right,\LEFT,6,139,0.6,23361.66211552,NaN,NaN
17,11,0.6,right,\LEFT,6,140,0.6,23361.7571258137,NaN,NaN
17,11,0.6,right,\LEFT,6,141,0.6,23361.8521361073,NaN,NaN
17,11,0.6,right,\LEFT,6,142,0.6,23361.947146401,NaN,NaN
17,11,0.6,right,\LEFT,6,143,0.6,23362.0421566947,NaN,NaN
17,11,0.6,right,\LEFT,6,144,0.6,23362.1371669883,NaN,NaN
17,11,0.6,right,\LEFT,6,145,0.6,23362.232177282,NaN,NaN
17,11,0.6,right,\LEFT,6,146,0.6,23362.3271875756,NaN,NaN
17,11,0.6,right,\LEFT,6,147,0.6,23362.4221978693,NaN,NaN
17,11,0.6,right,\LEFT,6,148,0.6,23362.517208163,NaN,NaN
17,11,0.6,right,\LEFT,6,149,0.6,23362.6122184566,NaN,NaN
17,11,0.6,right,\LEFT,6,150,0.6,23362.7072287503,NaN,NaN
17,11,0.6,right,\LEFT,6,151,0.6,23362.802239044,NaN,NaN
17,11,0.6,right,\LEFT,6,152,0.6,23362.8972493376,NaN,NaN
17,11,0.6,right,\LEFT,6,153,0.6,23362.9922596313,NaN,NaN
17,11,0.6,right,\LEFT,6,154,0.6,23363.0872699249,NaN,NaN
17,11,0.6,right,\LEFT,6,155,0.6,23363.1822802186,NaN,NaN
17,11,0.6,right,\LEFT,6,156,0.6,23363.2772905123,NaN,NaN
17,11,0.6,right,\LEFT,6,157,0.6,23363.3723008059,NaN,NaN
17,11,0.6,right,\LEFT,6,158,0.6,23363.4673110996,NaN,NaN
17,11,0.6,right,\LEFT,6,159,0.6,23363.5623213933,NaN,NaN
17,11,0.6,right,\LEFT,6,160,0.6,23363.6573316869,NaN,NaN
17,11,0.6,right,\LEFT,6,161,0.6,23363.7523419806,NaN,NaN
17,11,0.6,right,\LEFT,6,162,0.6,23363.8473522743,NaN,NaN
17,11,0.6,right,\LEFT,6,163,0.6,23363.9423625679,NaN,NaN
17,11,0.6,right,\LEFT,6,164,0.6,23364.0373728616,NaN,NaN
17,11,0.6,right,\LEFT,6,165,0.6,23364.1323831552,NaN,NaN
17,11,0.6,right,\LEFT,6,166,0.6,23364.2273934489,NaN,NaN
17,11,0.6,right,\LEFT,6,167,0.6,23364.3224037426,NaN,NaN
17,11,0.6,right,\LEFT,6,168,0.6,23364.4174140362,NaN,NaN
17,11,0.6,right,\LEFT,6,169,0.6,23364.5124243299,NaN,NaN
17,11,0.6,right,\LEFT,6,170,0.6,23364.6074346236,NaN,NaN
17,11,0.6,right,\LEFT,6,171,0.6,23364.7024449172,NaN,NaN
17,11,0.6,right,\LEFT,6,172,0.6,23364.7974552109,NaN,NaN
17,11,0.6,right,\LEFT,6,173,0.6,23364.8924655045,NaN,NaN
17,11,0.6,right,\LEFT,6,174,0.6,23364.9874757982,NaN,NaN
17,11,0.6,right,\LEFT,6,175,0.6,23365.0824860919,NaN,NaN
17,11,0.6,right,\LEFT,6,176,0.6,23365.1774963855,NaN,NaN
17,11,0.6,right,\LEFT,6,177,0.6,23365.2725066792,NaN,NaN
17,11,0.6,right,\LEFT,6,178,0.6,23365.3675169729,NaN,NaN
17,11,0.6,right,\LEFT,6,179,0.6,23365.4625272665,NaN,NaN
17,11,0.6,right,\LEFT,6,180,0.6,23365.5575375602,NaN,NaN
17,11,0.6,right,\LEFT,6,181,0.6,23365.6525478539,NaN,NaN
17,11,0.6,right,\LEFT,6,182,0.6,23365.7475581475,NaN,NaN
17,11,0.6,right,\LEFT,6,183,0.6,23365.8425684412,NaN,NaN
17,11,0.6,right,\LEFT,6,184,0.6,23365.9375787348,NaN,NaN
17,11,0.6,right,\LEFT,6,185,0.6,23366.0325890285,NaN,NaN
17,11,0.6,right,\LEFT,6,186,0.6,23366.1275993222,NaN,NaN
17,11,0.6,right,\LEFT,6,187,0.6,23366.2226096158,NaN,NaN
17,11,0.6,right,\LEFT,6,188,0.6,23366.3176199095,NaN,NaN
17,11,0.6,right,\LEFT,6,189,0.6,23366.4126302032,NaN,NaN
17,11,0.6,right,\LEFT,6,190,0.6,23366.5076404968,NaN,NaN
17,11,0.6,right,\LEFT,6,191,0.6,23366.6026507905,NaN,NaN
17,11,0.6,right,\LEFT,6,192,0.6,23366.6976610841,NaN,NaN
17,11,0.6,right,\LEFT,6,193,0.6,23366.7926713778,NaN,NaN
17,11,0.6,right,\LEFT,6,194,0.6,23366.8876816715,NaN,NaN
17,11,0.6,right,\LEFT,6,195,0.6,23366.9826919651,NaN,NaN
17,11,0.6,right,\LEFT,6,196,0.6,23367.0777022588,NaN,NaN
17,11,0.6,right,\LEFT,6,197,0.6,23367.1727125525,NaN,NaN
17,11,0.6,right,\LEFT,6,198,0.6,23367.2677228461,NaN,NaN
17,11,0.6,right,\LEFT,6,199,0.6,23367.3627331398,NaN,NaN
17,11,0.6,right,\LEFT,6,200,0.6,23367.4577434334,NaN,NaN
17,11,0.6,right,\LEFT,6,201,0.6,23367.5527537271,NaN,NaN
17,11,0.6,right,\LEFT,6,202,0.6,23367.6477640208,NaN,NaN
17,8,0.6,left,\LEFT,7,1,0,23358.0469555957,23358.0469555957,-0.000430786571087083
17,8,0.6,left,\LEFT,7,2,0,23358.1419658894,23358.0769873027,0.0195533237019845
17,8,0.6,left,\LEFT,7,3,0,23358.236976183,23358.1469715337,-0.000370628335076617
17,8,0.6,left,\LEFT,7,4,0,23358.3319864767,23358.2470840658,-0.000180565257323906
17,8,0.6,left,\LEFT,7,5,0,23358.4269967703,23358.3371088543,-0.000288896240817849
17,8,0.6,left,\LEFT,7,6,0,23358.522007064,23358.4372059917,-0.000195959939446766
17,8,0.6,left,\LEFT,7,7,0,23358.6170173577,23358.5272715308,-0.000248145610385109
17,8,0.6,left,\LEFT,7,8,0,23358.7120276513,23358.6273212768,0.00973606125626247
17,8,0.6,left,\LEFT,7,9,0.015,23358.807037945,23358.7173702138,-0.000264747719484149
17,8,0.6,left,\LEFT,7,10,0.03,23358.9020482387,23358.8174543714,0.00977047290143673
17,8,0.6,left,\LEFT,7,11,0.045,23358.9970585323,23358.9074897248,-0.000278331262961729
17,8,0.6,left,\LEFT,7,12,0.06,23359.092068826,23359.00758324,0.00977983045595465
17,8,0.6,left,\LEFT,7,13,0.075,23359.1870791197,23359.0976400252,-0.000256899449595949
17,8,0.6,left,\LEFT,7,14,0.09,23359.2820894133,23359.1976532465,0.00969953661478939
17,8,0.6,left,\LEFT,7,15,0.105,23359.377099707,23359.2877628567,-0.000204074553039391
17,8,0.6,left,\LEFT,7,16,0.12,23359.4721100006,23359.3878334307,0.00975688935795915
17,8,0.6,left,\LEFT,7,17,0.135,23359.5671202943,23359.4778865937,-0.000260521730524488
17,8,0.6,left,\LEFT,7,18,0.15,23359.662130588,23359.5779257747,0.00972549627840635
17,8,0.6,left,\LEFT,7,19,0.165,23359.7571408816,23359.6679816544,-0.000257805018918589
17,8,0.6,left,\LEFT,7,20,0.18,23359.8521511753,23359.7680555488,0.00976020978123415
17,8,0.6,left,\LEFT,7,21,0.195,23359.947161469,23359.8581174657,-0.000251767887675669
17,8,0.6,left,\LEFT,7,22,0.21,23360.0421717626,23359.9581792859,0.00974813551874831
17,8,0.6,left,\LEFT,7,23,0.225,23360.1371820563,23360.0482632382,-0.000229732362640789
17,8,0.6,left,\LEFT,7,24,0.24,23360.2321923499,23360.1383007047,-0.000276218266662909
17,8,0.6,left,\LEFT,7,25,0.255,23360.3272026436,23360.238357997,-0.000235805000556866
17,8,0.6,left,\LEFT,7,26,0.27,23360.4222129373,23360.328413273,-0.000258408734225668
17,8,0.6,left,\LEFT,7,27,0.285,23360.5172232309,23360.4285110141,-0.000195356224139687
17,8,0.6,left,\LEFT,7,28,0.3,23360.6122335246,23360.5185768551,-0.000247843752731569
17,8,0.6,left,\LEFT,7,29,0.315,23360.7072438183,23360.6186567867,-0.000213165763852885
17,8,0.6,left,\LEFT,7,30,0.33,23360.8022541119,23360.7086888197,-0.000281651686236728
17,8,0.6,left,\LEFT,7,31,0.345,23360.8972644056,23360.8087627142,-0.000219202891457826
17,8,0.6,left,\LEFT,7,32,0.36,23360.9922746993,23360.8988001806,-0.000276218266662909
17,8,0.6,left,\LEFT,7,33,0.375,23361.0872849929,23360.998870151,-0.000223127030039905
17,8,0.6,left,\LEFT,7,34,0.39,23361.1822952866,23361.098947064,0.00976322834685561
17,8,0.6,left,\LEFT,7,35,0.405,23361.2773055802,23361.1890092827,-0.000251466033660108
17,8,0.6,left,\LEFT,7,36,0.42,23361.3723158739,23361.2790660679,-0.00025689944595797
17,8,0.6,left,\LEFT,7,37,0.435,23361.4673261676,23361.379126077,-0.000233088296226924
17,8,0.6,left,\LEFT,7,38,0.45,23361.5623364612,23361.4691852771,-0.000254484595643589
17,8,0.6,left,\LEFT,7,39,0.465,23361.6573467549,23361.5692467955,-0.000231579011597205
17,8,0.6,left,\LEFT,7,40,0.48,23361.7523570486,23361.6592721877,-0.000288292529148748
17,8,0.6,left,\LEFT,7,41,0.495,23361.8473673422,23361.7593503081,-0.000214976902498165
17,8,0.6,left,\LEFT,7,42,0.51,23361.9423776359,23361.8494390902,-0.00022490265473607
17,8,0.6,left,\LEFT,7,43,0.525,23362.0373879295,23361.9495096642,-0.000222523314732825
17,8,0.6,left,\LEFT,7,44,0.54,23362.1323982232,23362.0395619216,-0.000261427296209149
17,8,0.6,left,\LEFT,7,45,0.555,23362.2274085169,23362.1396337031,-0.000221315887756646
17,8,0.6,left,\LEFT,7,46,0.57,23362.3224188105,23362.2296919977,-0.000255390168604208
17,8,0.6,left,\LEFT,7,47,0.585,23362.4174291042,23362.3296859002,-0.000299194874969544
17,8,0.6,left,\LEFT,7,48,0.6,23362.5124393979,23362.419796114,-0.00020347084137029
17,8,0.6,left,\LEFT,7,49,0.6,23362.6074496915,23362.519887818,-0.000201393359020585
17,8,0.6,left,\LEFT,7,50,0.6,23362.7024599852,23362.6099467163,-0.000254786453297129
17,8,0.6,left,\LEFT,7,51,0.6,23362.7974702788,23362.7099828787,-0.000256934959907085
17,8,0.6,left,\LEFT,7,52,0.6,23362.8924805725,23362.8000580772,-0.00023848619821365
17,8,0.6,left,\LEFT,7,53,0.6,23362.9874908662,23362.9001045027,-0.000246671839704504
17,8,0.6,left,\LEFT,7,54,0.6,23363.0825011598,23362.9901477044,-0.000270482993073529
17,8,0.6,left,\LEFT,7,55,0.6,23363.1775114535,23363.0902659718,-0.000174829980096547
17,8,0.6,left,\LEFT,7,56,0.6,23363.2725217472,23363.1902843247,0.00970466817670967
17,8,0.6,left,\LEFT,7,57,0.6,23363.3675320408,23363.2803516749,-0.000246334471739829
17,8,0.6,left,\LEFT,7,58,0.6,23363.4625423345,23363.3704449848,-0.00022037480812287
17,8,0.6,left,\LEFT,7,59,0.6,23363.5575526282,23363.4705068051,-0.000231277153943665
17,8,0.6,left,\LEFT,7,60,0.6,23363.6525629218,23363.5605657033,-0.000254786453297129
17,8,0.6,left,\LEFT,7,61,0.6,23363.7475732155,23363.6606103177,-0.000248482978349784
17,8,0.6,left,\LEFT,7,62,0.6,23363.8425835091,23363.7506764605,-0.000247541895078029
17,8,0.6,left,\LEFT,7,63,0.6,23363.9375938028,23363.8507425067,-0.000227051161346026
17,8,0.6,left,\LEFT,7,64,0.6,23364.0326040965,23363.9408161959,-0.000239995482843369
17,8,0.6,left,\LEFT,7,65,0.6,23364.1276143901,23364.0408786199,-0.000230673442274565
17,8,0.6,left,\LEFT,7,66,0.6,23364.2226246838,23364.1309121622,-0.000280142401607009
17,8,0.6,left,\LEFT,7,67,0.6,23364.3176349775,23364.2310171479,-0.000188111669558566
17,8,0.6,left,\LEFT,7,68,0.6,23364.4126452711,23364.3210645756,-0.000266257004113868
17,8,0.6,left,\LEFT,7,69,0.6,23364.5076555648,23364.421098625,-0.000259047956205904
17,8,0.6,left,\LEFT,7,70,0.6,23364.6026658584,23364.5111587307,-0.000253579026320949
17,8,0.6,left,\LEFT,7,71,0.6,23364.6976761521,23364.6112296066,-0.000222221457079286
17,8,0.6,left,\LEFT,7,72,0.6,23364.7926864458,23364.7012809584,-0.000262332869169768
17,8,0.6,left,\LEFT,7,73,0.6,23364.8876967394,23364.801377794,-0.000196261793462327
17,8,0.6,left,\LEFT,7,74,0.6,23364.9827070331,23364.8914436349,-0.000247843752731569
17,8,0.6,left,\LEFT,7,75,0.6,23365.0777173268,23364.9914589692,-0.000277763061603764
17,8,0.6,left,\LEFT,7,76,0.6,23365.1727276204,23365.0815359789,-0.000236675063206349
17,8,0.6,left,\LEFT,7,77,0.6,23365.2677379141,23365.1815869323,-0.000242143989453325
17,8,0.6,left,\LEFT,7,78,0.6,23365.3627482078,23365.2716739032,-0.00022671379338135
17,8,0.6,left,\LEFT,7,79,0.6,23365.4577585014,23365.371740855,-0.000226145595661365
17,8,0.6,left,\LEFT,7,80,0.6,23365.5527687951,23365.4617861697,-0.000268369996774709
17,8,0.6,left,\LEFT,7,81,0.6,23365.6477790887,23365.5618971925,-0.000182074538315646
17,8,0.6,left,\LEFT,7,82,0.6,23365.7427893824,23365.6519337534,-0.000277123835985549
17,8,0.6,left,\LEFT,7,83,0.6,23365.8377996761,23365.7519792733,-0.000247577409027144
17,8,0.6,left,\LEFT,7,84,0.6,23365.9328099697,23365.8420324363,-0.000260521726886509
17,8,0.6,left,\LEFT,7,85,0.6,23366.0278202634,23365.9421081419,-0.000217391752812546
17,8,0.6,left,\LEFT,7,86,0.6,23366.1228305571,23366.032184246,-0.000237580632528989
17,8,0.6,left,\LEFT,7,87,0.6,23366.2178408507,23366.1322551219,-0.000222221457079286
17,8,0.6,left,\LEFT,7,88,0.6,23366.3128511444,23366.2222829289,-0.000285877675196389
17,8,0.6,left,\LEFT,7,89,0.6,23366.407861438,23366.3223649735,-0.000211052767554065
17,8,0.6,left,\LEFT,7,90,0.6,23366.5028717317,23366.4124072697,-0.000271388562396169
17,8,0.6,left,\LEFT,7,91,0.6,23366.5978820254,23366.5124980681,-0.000202298928343225
17,8,0.6,left,\LEFT,7,92,0.6,23366.692892319,23366.6025590794,-0.000252673456998309
17,8,0.6,left,\LEFT,7,93,0.6,23366.7879026127,23366.7026290497,-0.000223127026401926
17,8,0.6,left,\LEFT,7,94,0.6,23366.8829129064,23366.7926804015,-0.000262332869169768
17,8,0.6,left,\LEFT,7,95,0.6,23366.9779232,23366.8927503719,-0.000223127026401926
17,8,0.6,left,\LEFT,7,96,0.6,23367.0729334937,23366.9827754622,-0.000288594386802288
17,8,0.6,left,\LEFT,7,97,0.6,23367.1679437874,23367.082892824,-0.000175735549419187
17,8,0.6,left,\LEFT,7,98,0.6,23367.262954081,23367.1729625891,-0.000243919617787469
17,8,0.6,left,\LEFT,7,99,0.6,23367.3579643747,23367.2730099202,-0.000245766270381864
17,8,0.6,left,\LEFT,7,100,0.6,23367.4529746683,23367.3630452737,-0.000278331262961729
17,8,0.6,left,\LEFT,7,101,0.6,23367.547984962,23367.4630950196,-0.000243351416429505
17,8,0.6,left,\LEFT,7,102,0.6,23367.6429952557,23367.553145164,-0.000263540292507969
17,8,0.6,left,\LEFT,7,103,0.6,23367.7380055493,23367.653230529,-0.000207732344279066
17,8,0.6,left,\LEFT,7,104,0.6,23367.833015843,23367.7433072368,-0.000236976917221909
17,8,0.6,left,\LEFT,7,105,0.6,23367.9280261367,23367.8433467197,0.00972579813605989
17,8,0.6,left,\LEFT,7,106,0.6,23368.0230364303,23367.9333663766,-0.000294027806376107
17,8,0.6,left,\LEFT,7,107,0.6,23368.118046724,23368.0334556657,0.00977560446335701
17,8,0.6,left,\LEFT,7,108,0.6,23368.2130570176,23368.1235121491,-0.00025720130361151
17,8,0.6,left,\LEFT,7,109,0.6,23368.3080673113,23368.2236322277,0.00980639382760273
17,8,0.6,left,\LEFT,7,110,0.6,23368.403077605,23368.3136503753,-0.000295537083729869
17,8,0.6,left,\LEFT,7,111,0.6,23368.4980878986,23368.413746909,0.00978284901793813
17,8,0.6,left,\LEFT,7,112,0.6,23368.5930981923,23368.5037928274,-0.00026776628146763
17,8,0.6,left,\LEFT,7,113,0.6,23368.688108486,23368.6038670237,0.00976051163524971
17,8,0.6,left,\LEFT,7,114,0.6,23368.7831187796,23368.6939379963,-0.000242712190811289
17,8,0.6,left,\LEFT,7,115,0.6,23368.8781290733,23368.7939626881,0.00971100716196815
17,8,0.6,left,\LEFT,7,116,0.6,23368.973139367,23368.8840360755,-0.00024029733685893
17,8,0.6,left,\LEFT,7,117,0.6,23369.0681496606,23368.9840945753,0.00974481509547331
17,8,0.6,left,\LEFT,7,118,0.6,23369.1631599543,23369.0741794332,-0.000228826793318149
17,8,0.6,left,\LEFT,7,119,0.6,23369.2581702479,23369.1642739505,-0.00021916738114669
17,8,0.6,left,\LEFT,7,120,0.6,23369.3531805416,23369.2643064906,-0.000260557237197645
17,8,0.6,left,\LEFT,7,121,0.6,23369.4481908353,23369.3543620685,-0.000258106876572128
17,8,0.6,left,\LEFT,7,122,0.6,23369.5432011289,23369.4544341518,-0.000221014030103106
17,8,0.6,left,\LEFT,7,123,0.6,23369.6382114226,23369.544472222,-0.000275614554993808
17,8,0.6,left,\LEFT,7,124,0.6,23369.7332217163,23369.6445545684,-0.000210750909900526
17,8,0.6,left,\LEFT,7,125,0.6,23369.8282320099,23369.7346092407,-0.000259012445894768
17,8,0.6,left,\LEFT,7,126,0.6,23369.9232423036,23369.8346508365,-0.000251501540333265
17,8,0.6,left,\LEFT,7,127,0.6,23370.0182525972,23369.9247064143,-0.000258106876572128
17,8,0.6,left,\LEFT,7,128,0.6,23370.1132628909,23370.0247972128,-0.000202298928343225
17,8,0.6,left,\LEFT,7,129,0.6,23370.2082731846,23370.1148609407,-0.000249956749030389
17,8,0.6,left,\LEFT,7,130,0.6,23370.3032834782,23370.2149272888,-0.000226749303692486
17,8,0.6,left,\LEFT,7,131,0.6,23370.3982937719,23370.3049889038,-0.000252069745329209
17,8,0.6,left,\LEFT,7,132,0.6,23370.4933040656,23370.4050624964,-0.000219504749111366
17,8,0.6,left,\LEFT,7,133,0.6,23370.5883143592,23370.5050929235,0.00971674243919551
17,8,0.6,left,\LEFT,7,134,0.6,23370.6833246529,23370.595176574,-0.000230034220294328
17,8,0.6,left,\LEFT,7,135,0.6,23370.7783349466,23370.6852034755,-0.000286783244519029
17,8,0.6,left,\LEFT,7,136,0.6,23370.8733452402,23370.7852716347,-0.000224938168685185
17,8,0.6,left,\LEFT,7,137,0.6,23370.9683555339,23370.8753589074,-0.00022641193572781
17,8,0.6,left,\LEFT,7,138,0.6,23371.0633658275,23370.9754035218,-0.000248482978349784
17,8,0.6,left,\LEFT,7,139,0.6,23371.1583761212,23371.0654521569,-0.000265049577137688
17,8,0.6,left,\LEFT,7,140,0.6,23371.2533864149,23371.1655508037,-0.000194450654817047
17,8,0.6,left,\LEFT,7,141,0.6,23371.3483967085,23371.2556072871,-0.000257201307249488
17,8,0.6,left,\LEFT,7,142,0.6,23371.4434070022,23371.3556672961,-0.000233088292588945
17,8,0.6,left,\LEFT,7,143,0.6,23371.5384172959,23371.4457503429,-0.000230637931963429
17,8,0.6,left,\LEFT,7,144,0.6,23371.6334275895,23371.5457641679,-0.000279272342595505
17,8,0.6,left,\LEFT,7,145,0.6,23371.7284378832,23371.6358565723,-0.00022128037744551
17,8,0.6,left,\LEFT,7,146,0.6,23371.8234481768,23371.7358957532,-0.000253916394285625
17,8,0.6,left,\LEFT,7,147,0.6,23371.9184584705,23371.825985139,-0.00022429894306697
17,8,0.6,left,\LEFT,7,148,0.6,23372.0134687642,23371.9260363942,-0.000241842135437764
17,8,0.6,left,\LEFT,7,149,0.6,23372.1084790578,23372.0161206484,-0.00022943050134927
17,8,0.6,left,\LEFT,7,150,0.6,23372.2034893515,23372.1161924299,-0.000221315891394624
17,8,0.6,left,\LEFT,7,151,0.6,23372.2984996452,23372.2062193314,-0.000286783244519029
17,8,0.6,left,\LEFT,7,152,0.6,23372.3935099388,23372.3062693792,-0.000243049558775965
17,8,0.6,left,\LEFT,7,153,0.6,23372.4885202325,23372.3963282774,-0.000254786453297129
17,8,0.6,left,\LEFT,7,154,0.6,23372.5835305261,23372.4963961348,-0.000225240026338724
17,8,0.6,left,\LEFT,7,155,0.6,23372.6785408198,23372.5964673126,0.00975749307326623
17,8,0.6,left,\LEFT,7,156,0.6,23372.7735511135,23372.6865512649,-0.000229732362640789
17,8,0.6,left,\LEFT,7,157,0.6,23372.8685614071,23372.7765787701,-0.000286179532849928
17,8,0.6,left,\LEFT,7,158,0.6,23372.9635717008,23372.8766487404,-0.000223127026401926
17,8,0.6,left,\LEFT,7,159,0.6,23373.0585819945,23372.9666967718,-0.000265653288806789
17,8,0.6,left,\LEFT,7,160,0.6,23373.1535922881,23373.0668017575,-0.000188111669558566
17,8,0.6,left,\LEFT,7,161,0.6,23373.2486025818,23373.1568531094,-0.000262332865531789
17,8,0.6,left,\LEFT,7,162,0.6,23373.3436128755,23373.2569197593,-0.000226447449676925
17,8,0.6,left,\LEFT,7,163,0.6,23373.4386231691,23373.3469783557,-0.000255088310950669
17,8,0.6,left,\LEFT,7,164,0.6,23373.5336334628,23373.4470519483,-0.000219504749111366
17,8,0.6,left,\LEFT,7,165,0.6,23373.6286437564,23373.5370658699,-0.000299763079965487
17,8,0.6,left,\LEFT,7,166,0.6,23373.7236540501,23373.6371569702,-0.000201997067051707
17,8,0.6,left,\LEFT,7,167,0.6,23373.8186643438,23373.7272466578,-0.000223997089051409
17,8,0.6,left,\LEFT,7,168,0.6,23373.9136746374,23373.8272915741,-0.000248181120696245
17,8,0.6,left,\LEFT,7,169,0.6,23374.0086849311,NaN,NaN
17,8,0.6,left,\LEFT,7,170,0.6,23374.1036952248,NaN,NaN
17,8,0.6,left,\LEFT,7,171,0.6,23374.1987055184,NaN,NaN
17,8,0.6,left,\LEFT,7,172,0.6,23374.2937158121,NaN,NaN
17,8,0.6,left,\LEFT,7,173,0.6,23374.3887261057,NaN,NaN
17,8,0.6,left,\LEFT,7,174,0.6,23374.4837363994,NaN,NaN
17,8,0.6,left,\LEFT,7,175,0.6,23374.5787466931,NaN,NaN
17,8,0.6,left,\LEFT,7,176,0.6,23374.6737569867,NaN,NaN
17,8,0.6,left,\LEFT,7,177,0.6,23374.7687672804,NaN,NaN
17,8,0.6,left,\LEFT,7,178,0.6,23374.8637775741,NaN,NaN
17,8,0.6,left,\LEFT,7,179,0.6,23374.9587878677,NaN,NaN
17,8,0.6,left,\LEFT,7,180,0.6,23375.0537981614,NaN,NaN
17,8,0.6,left,\LEFT,7,181,0.6,23375.1488084551,NaN,NaN
17,8,0.6,left,\LEFT,7,182,0.6,23375.2438187487,NaN,NaN
17,8,0.6,left,\LEFT,7,183,0.6,23375.3388290424,NaN,NaN
17,8,0.6,left,\LEFT,7,184,0.6,23375.433839336,NaN,NaN
17,8,0.6,left,\LEFT,7,185,0.6,23375.5288496297,NaN,NaN
17,8,0.6,left,\LEFT,7,186,0.6,23375.6238599234,NaN,NaN
17,8,0.6,left,\LEFT,7,187,0.6,23375.718870217,NaN,NaN
17,8,0.6,left,\LEFT,7,188,0.6,23375.8138805107,NaN,NaN
17,8,0.6,left,\LEFT,7,189,0.6,23375.9088908044,NaN,NaN
17,8,0.6,left,\LEFT,7,190,0.6,23376.003901098,NaN,NaN
17,8,0.6,left,\LEFT,7,191,0.6,23376.0989113917,NaN,NaN
17,8,0.6,left,\LEFT,7,192,0.6,23376.1939216853,NaN,NaN
17,8,0.6,left,\LEFT,7,193,0.6,23376.288931979,NaN,NaN
17,8,0.6,left,\LEFT,7,194,0.6,23376.3839422727,NaN,NaN
17,8,0.6,left,\LEFT,7,195,0.6,23376.4789525663,NaN,NaN
17,8,0.6,left,\LEFT,7,196,0.6,23376.57396286,NaN,NaN
17,8,0.6,left,\LEFT,7,197,0.6,23376.6689731537,NaN,NaN
17,8,0.6,left,\LEFT,7,198,0.6,23376.7639834473,NaN,NaN
17,8,0.6,left,\LEFT,7,199,0.6,23376.858993741,NaN,NaN
17,8,0.6,left,\LEFT,7,200,0.6,23376.9540040346,NaN,NaN
17,8,0.6,left,\LEFT,7,201,0.6,23377.0490143283,NaN,NaN
17,8,0.6,left,\LEFT,7,202,0.6,23377.144024622,NaN,NaN
17,3,0.6,left,\RIGHT,8,1,0,23379.0707449095,23379.0707449095,-0.000463085219962522
17,3,0.6,left,\RIGHT,8,2,0,23379.1657552032,23379.1007690701,0.0195457772897498
17,3,0.6,left,\RIGHT,8,3,0,23379.2607654968,23379.1707840905,-0.000339838970830897
17,3,0.6,left,\RIGHT,8,4,0.015,23379.3557757905,23379.2708887743,-0.000188413527212106
17,3,0.6,left,\RIGHT,8,5,0.03,23379.4507860841,23379.3609171851,-0.000285273963527288
17,3,0.6,left,\RIGHT,8,6,0.045,23379.5457963778,23379.4609596865,-0.000250595974648604
17,3,0.6,left,\RIGHT,8,7,0.06,23379.6408066715,23379.5510016807,-0.00027169041641173
17,3,0.6,left,\RIGHT,8,8,0.075,23379.7358169651,23379.6511277964,0.00981243095884565
17,3,0.6,left,\RIGHT,8,9,0.09,23379.8308272588,23379.7411809594,-0.000260521726886509
17,3,0.6,left,\RIGHT,8,10,0.105,23379.9258375525,23379.8412856432,0.00979099914547987
17,3,0.6,left,\RIGHT,8,11,0.12,23380.0208478461,23379.9312899054,-0.000309422484860988
17,3,0.6,left,\RIGHT,8,12,0.135,23380.1158581398,23380.0313610832,0.00975749306962825
17,3,0.6,left,\RIGHT,8,13,0.15,23380.2108684334,23380.1214344706,-0.00024029733685893
17,3,0.6,left,\RIGHT,8,14,0.165,23380.3058787271,23380.2214848202,0.00973666496793157
17,3,0.6,left,\RIGHT,8,15,0.18,23380.4008890208,23380.3115186644,-0.000279840547591448
17,3,0.6,left,\RIGHT,8,16,0.195,23380.4958993144,23380.4116085573,0.00977620817866409
17,3,0.6,left,\RIGHT,8,17,0.21,23380.5909096081,23380.5016568905,-0.000265351431153249
17,3,0.6,left,\RIGHT,8,18,0.225,23380.6859199018,23380.6017322943,0.00976171906222589
17,3,0.6,left,\RIGHT,8,19,0.24,23380.7809301954,23380.6917573846,-0.000288594386802288
17,3,0.6,left,\RIGHT,8,20,0.255,23380.8759404891,23380.7918306754,0.00975960606592707
17,3,0.6,left,\RIGHT,8,21,0.27,23380.9709507828,23380.881930928,-0.00021343210755731
17,3,0.6,left,\RIGHT,8,22,0.285,23381.0659610764,23380.9819782591,0.00973364640594809
17,3,0.6,left,\RIGHT,8,23,0.3,23381.1609713701,23381.0720211589,-0.000270784850727068
17,3,0.6,left,\RIGHT,8,24,0.315,23381.2559816637,23381.1621008853,-0.00023395835160045
17,3,0.6,left,\RIGHT,8,25,0.33,23381.3509919574,23381.2622260954,-0.000167887283168966
17,3,0.6,left,\RIGHT,8,26,0.345,23381.4460022511,23381.3521911162,-0.000348663834301988
17,3,0.6,left,\RIGHT,8,27,0.36,23381.5410125447,23381.4522985168,-0.000185696819244185
17,3,0.6,left,\RIGHT,8,28,0.375,23381.6360228384,23381.5423432278,-0.000268973708443809
17,3,0.6,left,\RIGHT,8,29,0.39,23381.7310331321,23381.6424276872,-0.000208637913601706
17,3,0.6,left,\RIGHT,8,30,0.405,23381.8260434257,23381.7324784354,-0.000262936580838868
17,3,0.6,left,\RIGHT,8,31,0.42,23381.9210537194,23381.8325254646,-0.000246068124397425
17,3,0.6,left,\RIGHT,8,32,0.435,23382.016064013,23381.9226033798,-0.000235769493883708
17,3,0.6,left,\RIGHT,8,33,0.45,23382.1110743067,23382.0226697279,-0.000226749303692486
17,3,0.6,left,\RIGHT,8,34,0.465,23382.2060846004,23382.1227143423,0.00973092969434219
17,3,0.6,left,\RIGHT,8,35,0.48,23382.301094894,23382.2127074358,-0.000320591178024188
17,3,0.6,left,\RIGHT,8,36,0.495,23382.3961051877,23382.3028469298,-0.00017419075811631
17,3,0.6,left,\RIGHT,8,37,0.51,23382.4911154814,23382.4029123723,-0.000227654876653105
17,3,0.6,left,\RIGHT,8,38,0.525,23382.586125775,23382.4929767039,-0.00024935303372331
17,3,0.6,left,\RIGHT,8,39,0.54,23382.6811360687,23382.5930518058,-0.000217995468119625
17,3,0.6,left,\RIGHT,8,40,0.555,23382.7761463624,23382.6830593885,-0.000306102065223968
17,3,0.6,left,\RIGHT,8,41,0.57,23382.871156656,23382.7831359997,-0.000216486183489906
17,3,0.6,left,\RIGHT,8,42,0.585,23382.9661669497,23382.8731927849,-0.000256899449595949
17,3,0.6,left,\RIGHT,8,43,0.6,23383.0611772433,23382.9732956576,-0.000190224665857386
17,3,0.6,left,\RIGHT,8,44,0.6,23383.156187537,23383.0633367463,-0.000272595989372348
17,3,0.6,left,\RIGHT,8,45,0.6,23383.2511978307,23383.1634052074,-0.000224636311031645
17,3,0.6,left,\RIGHT,8,46,0.6,23383.3462081243,23383.2534761799,-0.000242712190811289
17,3,0.6,left,\RIGHT,8,47,0.6,23383.441218418,23383.3535286426,-0.000240634704823606
17,3,0.6,left,\RIGHT,8,48,0.6,23383.5362287117,23383.4436020299,-0.000240297340496909
17,3,0.6,left,\RIGHT,8,49,0.6,23383.6312390053,23383.543643022,-0.000252105255640345
17,3,0.6,left,\RIGHT,8,50,0.6,23383.726249299,NaN,NaN
17,3,0.6,left,\RIGHT,8,51,0.6,23383.8212595926,NaN,NaN
17,3,0.6,left,\RIGHT,8,52,0.6,23383.9162698863,NaN,NaN
17,3,0.6,left,\RIGHT,8,53,0.6,23384.01128018,NaN,NaN
17,3,0.6,left,\RIGHT,8,54,0.6,23384.1062904736,NaN,NaN
17,3,0.6,left,\RIGHT,8,55,0.6,23384.2013007673,NaN,NaN
17,3,0.6,left,\RIGHT,8,56,0.6,23384.296311061,NaN,NaN
17,3,0.6,left,\RIGHT,8,57,0.6,23384.3913213546,NaN,NaN
17,3,0.6,left,\RIGHT,8,58,0.6,23384.4863316483,NaN,NaN
17,3,0.6,left,\RIGHT,8,59,0.6,23384.581341942,NaN,NaN
17,3,0.6,left,\RIGHT,8,60,0.6,23384.6763522356,NaN,NaN
17,3,0.6,left,\RIGHT,8,61,0.6,23384.7713625293,NaN,NaN
17,3,0.6,left,\RIGHT,8,62,0.6,23384.8663728229,NaN,NaN
17,3,0.6,left,\RIGHT,8,63,0.6,23384.9613831166,NaN,NaN
17,3,0.6,left,\RIGHT,8,64,0.6,23385.0563934103,NaN,NaN
17,3,0.6,left,\RIGHT,8,65,0.6,23385.1514037039,NaN,NaN
17,3,0.6,left,\RIGHT,8,66,0.6,23385.2464139976,NaN,NaN
17,3,0.6,left,\RIGHT,8,67,0.6,23385.3414242913,NaN,NaN
17,3,0.6,left,\RIGHT,8,68,0.6,23385.4364345849,NaN,NaN
17,3,0.6,left,\RIGHT,8,69,0.6,23385.5314448786,NaN,NaN
17,3,0.6,left,\RIGHT,8,70,0.6,23385.6264551722,NaN,NaN
17,3,0.6,left,\RIGHT,8,71,0.6,23385.7214654659,NaN,NaN
17,3,0.6,left,\RIGHT,8,72,0.6,23385.8164757596,NaN,NaN
17,3,0.6,left,\RIGHT,8,73,0.6,23385.9114860532,NaN,NaN
17,3,0.6,left,\RIGHT,8,74,0.6,23386.0064963469,NaN,NaN
17,3,0.6,left,\RIGHT,8,75,0.6,23386.1015066406,NaN,NaN
17,3,0.6,left,\RIGHT,8,76,0.6,23386.1965169342,NaN,NaN
17,3,0.6,left,\RIGHT,8,77,0.6,23386.2915272279,NaN,NaN
17,3,0.6,left,\RIGHT,8,78,0.6,23386.3865375216,NaN,NaN
17,3,0.6,left,\RIGHT,8,79,0.6,23386.4815478152,NaN,NaN
17,3,0.6,left,\RIGHT,8,80,0.6,23386.5765581089,NaN,NaN
17,3,0.6,left,\RIGHT,8,81,0.6,23386.6715684025,NaN,NaN
17,3,0.6,left,\RIGHT,8,82,0.6,23386.7665786962,NaN,NaN
17,3,0.6,left,\RIGHT,8,83,0.6,23386.8615889899,NaN,NaN
17,3,0.6,left,\RIGHT,8,84,0.6,23386.9565992835,NaN,NaN
17,3,0.6,left,\RIGHT,8,85,0.6,23387.0516095772,NaN,NaN
17,3,0.6,left,\RIGHT,8,86,0.6,23387.1466198709,NaN,NaN
17,3,0.6,left,\RIGHT,8,87,0.6,23387.2416301645,NaN,NaN
17,3,0.6,left,\RIGHT,8,88,0.6,23387.3366404582,NaN,NaN
17,3,0.6,left,\RIGHT,8,89,0.6,23387.4316507518,NaN,NaN
17,3,0.6,left,\RIGHT,8,90,0.6,23387.5266610455,NaN,NaN
17,3,0.6,left,\RIGHT,8,91,0.6,23387.6216713392,NaN,NaN
17,3,0.6,left,\RIGHT,8,92,0.6,23387.7166816328,NaN,NaN
17,3,0.6,left,\RIGHT,8,93,0.6,23387.8116919265,NaN,NaN
17,3,0.6,left,\RIGHT,8,94,0.6,23387.9067022202,NaN,NaN
17,3,0.6,left,\RIGHT,8,95,0.6,23388.0017125138,NaN,NaN
17,3,0.6,left,\RIGHT,8,96,0.6,23388.0967228075,NaN,NaN
17,3,0.6,left,\RIGHT,8,97,0.6,23388.1917331011,NaN,NaN
17,3,0.6,left,\RIGHT,8,98,0.6,23388.2867433948,NaN,NaN
17,3,0.6,left,\RIGHT,8,99,0.6,23388.3817536885,NaN,NaN
17,3,0.6,left,\RIGHT,8,100,0.6,23388.4767639821,NaN,NaN
17,3,0.6,left,\RIGHT,8,101,0.6,23388.5717742758,NaN,NaN
17,3,0.6,left,\RIGHT,8,102,0.6,23388.6667845695,NaN,NaN
17,3,0.6,left,\RIGHT,8,103,0.6,23388.7617948631,NaN,NaN
17,3,0.6,left,\RIGHT,8,104,0.6,23388.8568051568,NaN,NaN
17,3,0.6,left,\RIGHT,8,105,0.6,23388.9518154505,NaN,NaN
17,3,0.6,left,\RIGHT,8,106,0.6,23389.0468257441,NaN,NaN
17,3,0.6,left,\RIGHT,8,107,0.6,23389.1418360378,NaN,NaN
17,3,0.6,left,\RIGHT,8,108,0.6,23389.2368463314,NaN,NaN
17,3,0.6,left,\RIGHT,8,109,0.6,23389.3318566251,NaN,NaN
17,3,0.6,left,\RIGHT,8,110,0.6,23389.4268669188,NaN,NaN
17,3,0.6,left,\RIGHT,8,111,0.6,23389.5218772124,NaN,NaN
17,3,0.6,left,\RIGHT,8,112,0.6,23389.6168875061,NaN,NaN
17,3,0.6,left,\RIGHT,8,113,0.6,23389.7118977998,NaN,NaN
17,3,0.6,left,\RIGHT,8,114,0.6,23389.8069080934,NaN,NaN
17,3,0.6,left,\RIGHT,8,115,0.6,23389.9019183871,NaN,NaN
17,3,0.6,left,\RIGHT,8,116,0.6,23389.9969286807,NaN,NaN
17,3,0.6,left,\RIGHT,8,117,0.6,23390.0919389744,NaN,NaN
17,3,0.6,left,\RIGHT,8,118,0.6,23390.1869492681,NaN,NaN
17,3,0.6,left,\RIGHT,8,119,0.6,23390.2819595617,NaN,NaN
17,3,0.6,left,\RIGHT,8,120,0.6,23390.3769698554,NaN,NaN
17,3,0.6,left,\RIGHT,8,121,0.6,23390.4719801491,NaN,NaN
17,3,0.6,left,\RIGHT,8,122,0.6,23390.5669904427,NaN,NaN
17,3,0.6,left,\RIGHT,8,123,0.6,23390.6620007364,NaN,NaN
17,3,0.6,left,\RIGHT,8,124,0.6,23390.7570110301,NaN,NaN
17,3,0.6,left,\RIGHT,8,125,0.6,23390.8520213237,NaN,NaN
17,3,0.6,left,\RIGHT,8,126,0.6,23390.9470316174,NaN,NaN
17,3,0.6,left,\RIGHT,8,127,0.6,23391.042041911,NaN,NaN
17,3,0.6,left,\RIGHT,8,128,0.6,23391.1370522047,NaN,NaN
17,3,0.6,left,\RIGHT,8,129,0.6,23391.2320624984,NaN,NaN
17,3,0.6,left,\RIGHT,8,130,0.6,23391.327072792,NaN,NaN
17,3,0.6,left,\RIGHT,8,131,0.6,23391.4220830857,NaN,NaN
17,3,0.6,left,\RIGHT,8,132,0.6,23391.5170933794,NaN,NaN
17,3,0.6,left,\RIGHT,8,133,0.6,23391.612103673,NaN,NaN
17,3,0.6,left,\RIGHT,8,134,0.6,23391.7071139667,NaN,NaN
17,3,0.6,left,\RIGHT,8,135,0.6,23391.8021242603,NaN,NaN
17,3,0.6,left,\RIGHT,8,136,0.6,23391.897134554,NaN,NaN
17,3,0.6,left,\RIGHT,8,137,0.6,23391.9921448477,NaN,NaN
17,3,0.6,left,\RIGHT,8,138,0.6,23392.0871551413,NaN,NaN
17,3,0.6,left,\RIGHT,8,139,0.6,23392.182165435,NaN,NaN
17,3,0.6,left,\RIGHT,8,140,0.6,23392.2771757287,NaN,NaN
17,3,0.6,left,\RIGHT,8,141,0.6,23392.3721860223,NaN,NaN
17,3,0.6,left,\RIGHT,8,142,0.6,23392.467196316,NaN,NaN
17,3,0.6,left,\RIGHT,8,143,0.6,23392.5622066097,NaN,NaN
17,3,0.6,left,\RIGHT,8,144,0.6,23392.6572169033,NaN,NaN
17,3,0.6,left,\RIGHT,8,145,0.6,23392.752227197,NaN,NaN
17,3,0.6,left,\RIGHT,8,146,0.6,23392.8472374906,NaN,NaN
17,3,0.6,left,\RIGHT,8,147,0.6,23392.9422477843,NaN,NaN
17,3,0.6,left,\RIGHT,8,148,0.6,23393.037258078,NaN,NaN
17,3,0.6,left,\RIGHT,8,149,0.6,23393.1322683716,NaN,NaN
17,3,0.6,left,\RIGHT,8,150,0.6,23393.2272786653,NaN,NaN
17,3,0.6,left,\RIGHT,8,151,0.6,23393.322288959,NaN,NaN
17,3,0.6,left,\RIGHT,8,152,0.6,23393.4172992526,NaN,NaN
17,3,0.6,left,\RIGHT,8,153,0.6,23393.5123095463,NaN,NaN
17,3,0.6,left,\RIGHT,8,154,0.6,23393.6073198399,NaN,NaN
17,3,0.6,left,\RIGHT,8,155,0.6,23393.7023301336,NaN,NaN
17,3,0.6,left,\RIGHT,8,156,0.6,23393.7973404273,NaN,NaN
17,3,0.6,left,\RIGHT,8,157,0.6,23393.8923507209,NaN,NaN
17,3,0.6,left,\RIGHT,8,158,0.6,23393.9873610146,NaN,NaN
17,3,0.6,left,\RIGHT,8,159,0.6,23394.0823713083,NaN,NaN
17,3,0.6,left,\RIGHT,8,160,0.6,23394.1773816019,NaN,NaN
17,3,0.6,left,\RIGHT,8,161,0.6,23394.2723918956,NaN,NaN
17,3,0.6,left,\RIGHT,8,162,0.6,23394.3674021892,NaN,NaN
17,3,0.6,left,\RIGHT,8,163,0.6,23394.4624124829,NaN,NaN
17,3,0.6,left,\RIGHT,8,164,0.6,23394.5574227766,NaN,NaN
17,3,0.6,left,\RIGHT,8,165,0.6,23394.6524330702,NaN,NaN
17,3,0.6,left,\RIGHT,8,166,0.6,23394.7474433639,NaN,NaN
17,3,0.6,left,\RIGHT,8,167,0.6,23394.8424536576,NaN,NaN
17,3,0.6,left,\RIGHT,8,168,0.6,23394.9374639512,NaN,NaN
17,3,0.6,left,\RIGHT,8,169,0.6,23395.0324742449,NaN,NaN
17,3,0.6,left,\RIGHT,8,170,0.6,23395.1274845386,NaN,NaN
17,3,0.6,left,\RIGHT,8,171,0.6,23395.2224948322,NaN,NaN
17,3,0.6,left,\RIGHT,8,172,0.6,23395.3175051259,NaN,NaN
17,3,0.6,left,\RIGHT,8,173,0.6,23395.4125154195,NaN,NaN
17,3,0.6,left,\RIGHT,8,174,0.6,23395.5075257132,NaN,NaN
17,3,0.6,left,\RIGHT,8,175,0.6,23395.6025360069,NaN,NaN
17,3,0.6,left,\RIGHT,8,176,0.6,23395.6975463005,NaN,NaN
17,3,0.6,left,\RIGHT,8,177,0.6,23395.7925565942,NaN,NaN
17,3,0.6,left,\RIGHT,8,178,0.6,23395.8875668879,NaN,NaN
17,3,0.6,left,\RIGHT,8,179,0.6,23395.9825771815,NaN,NaN
17,3,0.6,left,\RIGHT,8,180,0.6,23396.0775874752,NaN,NaN
17,3,0.6,left,\RIGHT,8,181,0.6,23396.1725977688,NaN,NaN
17,3,0.6,left,\RIGHT,8,182,0.6,23396.2676080625,NaN,NaN
17,3,0.6,left,\RIGHT,8,183,0.6,23396.3626183562,NaN,NaN
17,3,0.6,left,\RIGHT,8,184,0.6,23396.4576286498,NaN,NaN
17,3,0.6,left,\RIGHT,8,185,0.6,23396.5526389435,NaN,NaN
17,3,0.6,left,\RIGHT,8,186,0.6,23396.6476492372,NaN,NaN
17,3,0.6,left,\RIGHT,8,187,0.6,23396.7426595308,NaN,NaN
17,3,0.6,left,\RIGHT,8,188,0.6,23396.8376698245,NaN,NaN
17,3,0.6,left,\RIGHT,8,189,0.6,23396.9326801182,NaN,NaN
17,3,0.6,left,\RIGHT,8,190,0.6,23397.0276904118,NaN,NaN
17,3,0.6,left,\RIGHT,8,191,0.6,23397.1227007055,NaN,NaN
17,3,0.6,left,\RIGHT,8,192,0.6,23397.2177109991,NaN,NaN
17,3,0.6,left,\RIGHT,8,193,0.6,23397.3127212928,NaN,NaN
17,3,0.6,left,\RIGHT,8,194,0.6,23397.4077315865,NaN,NaN
17,3,0.6,left,\RIGHT,8,195,0.6,23397.5027418801,NaN,NaN
17,3,0.6,left,\RIGHT,8,196,0.6,23397.5977521738,NaN,NaN
17,3,0.6,left,\RIGHT,8,197,0.6,23397.6927624675,NaN,NaN
17,3,0.6,left,\RIGHT,8,198,0.6,23397.7877727611,NaN,NaN
17,3,0.6,left,\RIGHT,8,199,0.6,23397.8827830548,NaN,NaN
17,3,0.6,left,\RIGHT,8,200,0.6,23397.9777933484,NaN,NaN
17,3,0.6,left,\RIGHT,8,201,0.6,23398.0728036421,NaN,NaN
17,3,0.6,left,\RIGHT,8,202,0.6,23398.1678139358,NaN,NaN
17,2,0.6,left,\RIGHT,9,1,0,23385.2947873602,23385.2947873602,-0.000472744628496002
17,2,0.6,left,\RIGHT,9,2,0,23385.3897976538,23385.3248211802,0.0195554366982833
17,2,0.6,left,\RIGHT,9,3,0.015,23385.4848079475,23385.3948473693,-0.000328670277667698
17,2,0.6,left,\RIGHT,9,4,0.03,23385.5798182412,23385.4949405826,-0.000199884078028845
17,2,0.6,left,\RIGHT,9,5,0.045,23385.6748285348,23385.5849994808,-0.000254786453297129
17,2,0.6,left,\RIGHT,9,6,0.06,23385.7698388285,23385.6850694512,-0.000223127026401926
17,2,0.6,left,\RIGHT,9,7,0.075,23385.8648491222,23385.7751286513,-0.000254484595643589
17,2,0.6,left,\RIGHT,9,8,0.09,23385.9598594158,23385.8751660211,0.00972368513612309
17,2,0.6,left,\RIGHT,9,9,0.105,23386.0548697095,23385.9652200896,-0.000259616157563869
17,2,0.6,left,\RIGHT,9,10,0.12,23386.1498800031,23386.0653244716,0.00979069729146431
17,2,0.6,left,\RIGHT,9,11,0.135,23386.2448902968,23386.1553833699,-0.000254786453297129
17,2,0.6,left,\RIGHT,9,12,0.15,23386.3399005905,23386.2554530384,0.00975598378863651
17,2,0.6,left,\RIGHT,9,13,0.165,23386.4349108841,23386.3455040883,-0.000262634723185329
17,2,0.6,left,\RIGHT,9,14,0.18,23386.5299211778,23386.4455245542,0.00970678117300849
17,2,0.6,left,\RIGHT,9,15,0.195,23386.6249314715,23386.5356335607,-0.00020467826834647
17,2,0.6,left,\RIGHT,9,16,0.21,23386.7199417651,23386.6356639878,0.00971674243919551
17,2,0.6,left,\RIGHT,9,17,0.225,23386.8149520588,23386.7257343566,-0.000243315906118369
17,2,0.6,left,\RIGHT,9,18,0.24,23386.9099623525,23386.8258052325,0.00975719121561269
17,2,0.6,left,\RIGHT,9,19,0.255,23387.0049726461,23386.9158451138,-0.000273803416348528
17,2,0.6,left,\RIGHT,9,20,0.27,23387.0999829398,23387.0159431568,0.00978435830256785
17,2,0.6,left,\RIGHT,9,21,0.285,23387.1949932334,23387.106006281,-0.000250560460699489
17,2,0.6,left,\RIGHT,9,22,0.3,23387.2900035271,23387.1960905352,-0.000229430504987249
17,2,0.6,left,\RIGHT,9,23,0.315,23387.3850138208,23387.2960928897,-0.000290742893412244
17,2,0.6,left,\RIGHT,9,24,0.33,23387.4800241144,23387.3861756346,-0.00023093978597899
17,2,0.6,left,\RIGHT,9,25,0.345,23387.5750344081,23387.4862220602,-0.000246671839704504
17,2,0.6,left,\RIGHT,9,26,0.36,23387.6700447018,23387.5762785436,-0.00025720130361151
17,2,0.6,left,\RIGHT,9,27,0.375,23387.7650549954,23387.676369342,-0.000202298928343225
17,2,0.6,left,\RIGHT,9,28,0.39,23387.8600652891,23387.7664427294,-0.00024029733685893
17,2,0.6,left,\RIGHT,9,29,0.405,23387.9550755827,23387.8665006254,-0.000235201292525744
17,2,0.6,left,\RIGHT,9,30,0.42,23388.0500858764,23387.9565196786,-0.000294631514407229
17,2,0.6,left,\RIGHT,9,31,0.435,23388.1450961701,23388.0565818007,-0.000230975299928105
17,2,0.6,left,\RIGHT,9,32,0.45,23388.2401064637,23388.1466862793,-0.00020920611495967
17,2,0.6,left,\RIGHT,9,33,0.465,23388.3351167574,23388.2467308937,-0.000248482974711806
17,2,0.6,left,\RIGHT,9,34,0.48,23388.4301270511,23388.3467957325,0.00975115408073179
17,2,0.6,left,\RIGHT,9,35,0.495,23388.5251373447,23388.4368679124,-0.00024150476383511
17,2,0.6,left,\RIGHT,9,36,0.51,23388.6201476384,23388.5269379794,-0.00024361776013393
17,2,0.6,left,\RIGHT,9,37,0.525,23388.7151579321,23388.6269982903,-0.000232786438573385
17,2,0.6,left,\RIGHT,9,38,0.54,23388.8101682257,23388.7170580941,-0.000253880883974489
17,2,0.6,left,\RIGHT,9,39,0.555,23388.9051785194,23388.8170601467,-0.000291044747427804
17,2,0.6,left,\RIGHT,9,40,0.57,23389.000188813,23388.9071540603,-0.000219771096453769
17,2,0.6,left,\RIGHT,9,41,0.585,23389.0951991067,23389.0072436514,-0.000203506351681426
17,2,0.6,left,\RIGHT,9,42,0.6,23389.1902094004,23389.09730587,-0.000251466033660108
17,2,0.6,left,\RIGHT,9,43,0.6,23389.285219694,23389.1973405232,-0.000258444240898825
17,2,0.6,left,\RIGHT,9,44,0.6,23389.3802299877,NaN,NaN
17,2,0.6,left,\RIGHT,9,45,0.6,23389.4752402814,NaN,NaN
17,2,0.6,left,\RIGHT,9,46,0.6,23389.570250575,NaN,NaN
17,2,0.6,left,\RIGHT,9,47,0.6,23389.6652608687,NaN,NaN
17,2,0.6,left,\RIGHT,9,48,0.6,23389.7602711623,NaN,NaN
17,2,0.6,left,\RIGHT,9,49,0.6,23389.855281456,NaN,NaN
17,2,0.6,left,\RIGHT,9,50,0.6,23389.9502917497,NaN,NaN
17,2,0.6,left,\RIGHT,9,51,0.6,23390.0453020433,NaN,NaN
17,2,0.6,left,\RIGHT,9,52,0.6,23390.140312337,NaN,NaN
17,2,0.6,left,\RIGHT,9,53,0.6,23390.2353226307,NaN,NaN
17,2,0.6,left,\RIGHT,9,54,0.6,23390.3303329243,NaN,NaN
17,2,0.6,left,\RIGHT,9,55,0.6,23390.425343218,NaN,NaN
17,2,0.6,left,\RIGHT,9,56,0.6,23390.5203535116,NaN,NaN
17,2,0.6,left,\RIGHT,9,57,0.6,23390.6153638053,NaN,NaN
17,2,0.6,left,\RIGHT,9,58,0.6,23390.710374099,NaN,NaN
17,2,0.6,left,\RIGHT,9,59,0.6,23390.8053843926,NaN,NaN
17,2,0.6,left,\RIGHT,9,60,0.6,23390.9003946863,NaN,NaN
17,2,0.6,left,\RIGHT,9,61,0.6,23390.99540498,NaN,NaN
17,2,0.6,left,\RIGHT,9,62,0.6,23391.0904152736,NaN,NaN
17,2,0.6,left,\RIGHT,9,63,0.6,23391.1854255673,NaN,NaN
17,2,0.6,left,\RIGHT,9,64,0.6,23391.280435861,NaN,NaN
17,2,0.6,left,\RIGHT,9,65,0.6,23391.3754461546,NaN,NaN
17,2,0.6,left,\RIGHT,9,66,0.6,23391.4704564483,NaN,NaN
17,2,0.6,left,\RIGHT,9,67,0.6,23391.5654667419,NaN,NaN
17,2,0.6,left,\RIGHT,9,68,0.6,23391.6604770356,NaN,NaN
17,2,0.6,left,\RIGHT,9,69,0.6,23391.7554873293,NaN,NaN
17,2,0.6,left,\RIGHT,9,70,0.6,23391.8504976229,NaN,NaN
17,2,0.6,left,\RIGHT,9,71,0.6,23391.9455079166,NaN,NaN
17,2,0.6,left,\RIGHT,9,72,0.6,23392.0405182103,NaN,NaN
17,2,0.6,left,\RIGHT,9,73,0.6,23392.1355285039,NaN,NaN
17,2,0.6,left,\RIGHT,9,74,0.6,23392.2305387976,NaN,NaN
17,2,0.6,left,\RIGHT,9,75,0.6,23392.3255490912,NaN,NaN
17,2,0.6,left,\RIGHT,9,76,0.6,23392.4205593849,NaN,NaN
17,2,0.6,left,\RIGHT,9,77,0.6,23392.5155696786,NaN,NaN
17,2,0.6,left,\RIGHT,9,78,0.6,23392.6105799722,NaN,NaN
17,2,0.6,left,\RIGHT,9,79,0.6,23392.7055902659,NaN,NaN
17,2,0.6,left,\RIGHT,9,80,0.6,23392.8006005596,NaN,NaN
17,2,0.6,left,\RIGHT,9,81,0.6,23392.8956108532,NaN,NaN
17,2,0.6,left,\RIGHT,9,82,0.6,23392.9906211469,NaN,NaN
17,2,0.6,left,\RIGHT,9,83,0.6,23393.0856314406,NaN,NaN
17,2,0.6,left,\RIGHT,9,84,0.6,23393.1806417342,NaN,NaN
17,2,0.6,left,\RIGHT,9,85,0.6,23393.2756520279,NaN,NaN
17,2,0.6,left,\RIGHT,9,86,0.6,23393.3706623215,NaN,NaN
17,2,0.6,left,\RIGHT,9,87,0.6,23393.4656726152,NaN,NaN
17,2,0.6,left,\RIGHT,9,88,0.6,23393.5606829089,NaN,NaN
17,2,0.6,left,\RIGHT,9,89,0.6,23393.6556932025,NaN,NaN
17,2,0.6,left,\RIGHT,9,90,0.6,23393.7507034962,NaN,NaN
17,2,0.6,left,\RIGHT,9,91,0.6,23393.8457137899,NaN,NaN
17,2,0.6,left,\RIGHT,9,92,0.6,23393.9407240835,NaN,NaN
17,2,0.6,left,\RIGHT,9,93,0.6,23394.0357343772,NaN,NaN
17,2,0.6,left,\RIGHT,9,94,0.6,23394.1307446708,NaN,NaN
17,2,0.6,left,\RIGHT,9,95,0.6,23394.2257549645,NaN,NaN
17,2,0.6,left,\RIGHT,9,96,0.6,23394.3207652582,NaN,NaN
17,2,0.6,left,\RIGHT,9,97,0.6,23394.4157755518,NaN,NaN
17,2,0.6,left,\RIGHT,9,98,0.6,23394.5107858455,NaN,NaN
17,2,0.6,left,\RIGHT,9,99,0.6,23394.6057961392,NaN,NaN
17,2,0.6,left,\RIGHT,9,100,0.6,23394.7008064328,NaN,NaN
17,2,0.6,left,\RIGHT,9,101,0.6,23394.7958167265,NaN,NaN
17,2,0.6,left,\RIGHT,9,102,0.6,23394.8908270202,NaN,NaN
17,2,0.6,left,\RIGHT,9,103,0.6,23394.9858373138,NaN,NaN
17,2,0.6,left,\RIGHT,9,104,0.6,23395.0808476075,NaN,NaN
17,2,0.6,left,\RIGHT,9,105,0.6,23395.1758579011,NaN,NaN
17,2,0.6,left,\RIGHT,9,106,0.6,23395.2708681948,NaN,NaN
17,2,0.6,left,\RIGHT,9,107,0.6,23395.3658784885,NaN,NaN
17,2,0.6,left,\RIGHT,9,108,0.6,23395.4608887821,NaN,NaN
17,2,0.6,left,\RIGHT,9,109,0.6,23395.5558990758,NaN,NaN
17,2,0.6,left,\RIGHT,9,110,0.6,23395.6509093695,NaN,NaN
17,2,0.6,left,\RIGHT,9,111,0.6,23395.7459196631,NaN,NaN
17,2,0.6,left,\RIGHT,9,112,0.6,23395.8409299568,NaN,NaN
17,2,0.6,left,\RIGHT,9,113,0.6,23395.9359402504,NaN,NaN
17,2,0.6,left,\RIGHT,9,114,0.6,23396.0309505441,NaN,NaN
17,2,0.6,left,\RIGHT,9,115,0.6,23396.1259608378,NaN,NaN
17,2,0.6,left,\RIGHT,9,116,0.6,23396.2209711314,NaN,NaN
17,2,0.6,left,\RIGHT,9,117,0.6,23396.3159814251,NaN,NaN
17,2,0.6,left,\RIGHT,9,118,0.6,23396.4109917188,NaN,NaN
17,2,0.6,left,\RIGHT,9,119,0.6,23396.5060020124,NaN,NaN
17,2,0.6,left,\RIGHT,9,120,0.6,23396.6010123061,NaN,NaN
17,2,0.6,left,\RIGHT,9,121,0.6,23396.6960225998,NaN,NaN
17,2,0.6,left,\RIGHT,9,122,0.6,23396.7910328934,NaN,NaN
17,2,0.6,left,\RIGHT,9,123,0.6,23396.8860431871,NaN,NaN
17,2,0.6,left,\RIGHT,9,124,0.6,23396.9810534807,NaN,NaN
17,2,0.6,left,\RIGHT,9,125,0.6,23397.0760637744,NaN,NaN
17,2,0.6,left,\RIGHT,9,126,0.6,23397.1710740681,NaN,NaN
17,2,0.6,left,\RIGHT,9,127,0.6,23397.2660843617,NaN,NaN
17,2,0.6,left,\RIGHT,9,128,0.6,23397.3610946554,NaN,NaN
17,2,0.6,left,\RIGHT,9,129,0.6,23397.4561049491,NaN,NaN
17,2,0.6,left,\RIGHT,9,130,0.6,23397.5511152427,NaN,NaN
17,2,0.6,left,\RIGHT,9,131,0.6,23397.6461255364,NaN,NaN
17,2,0.6,left,\RIGHT,9,132,0.6,23397.74113583,NaN,NaN
17,2,0.6,left,\RIGHT,9,133,0.6,23397.8361461237,NaN,NaN
17,2,0.6,left,\RIGHT,9,134,0.6,23397.9311564174,NaN,NaN
17,2,0.6,left,\RIGHT,9,135,0.6,23398.026166711,NaN,NaN
17,2,0.6,left,\RIGHT,9,136,0.6,23398.1211770047,NaN,NaN
17,2,0.6,left,\RIGHT,9,137,0.6,23398.2161872984,NaN,NaN
17,2,0.6,left,\RIGHT,9,138,0.6,23398.311197592,NaN,NaN
17,2,0.6,left,\RIGHT,9,139,0.6,23398.4062078857,NaN,NaN
17,2,0.6,left,\RIGHT,9,140,0.6,23398.5012181794,NaN,NaN
17,2,0.6,left,\RIGHT,9,141,0.6,23398.596228473,NaN,NaN
17,2,0.6,left,\RIGHT,9,142,0.6,23398.6912387667,NaN,NaN
17,2,0.6,left,\RIGHT,9,143,0.6,23398.7862490603,NaN,NaN
17,2,0.6,left,\RIGHT,9,144,0.6,23398.881259354,NaN,NaN
17,2,0.6,left,\RIGHT,9,145,0.6,23398.9762696477,NaN,NaN
17,2,0.6,left,\RIGHT,9,146,0.6,23399.0712799413,NaN,NaN
17,2,0.6,left,\RIGHT,9,147,0.6,23399.166290235,NaN,NaN
17,2,0.6,left,\RIGHT,9,148,0.6,23399.2613005287,NaN,NaN
17,2,0.6,left,\RIGHT,9,149,0.6,23399.3563108223,NaN,NaN
17,2,0.6,left,\RIGHT,9,150,0.6,23399.451321116,NaN,NaN
17,2,0.6,left,\RIGHT,9,151,0.6,23399.5463314096,NaN,NaN
17,2,0.6,left,\RIGHT,9,152,0.6,23399.6413417033,NaN,NaN
17,2,0.6,left,\RIGHT,9,153,0.6,23399.736351997,NaN,NaN
17,2,0.6,left,\RIGHT,9,154,0.6,23399.8313622906,NaN,NaN
17,2,0.6,left,\RIGHT,9,155,0.6,23399.9263725843,NaN,NaN
17,2,0.6,left,\RIGHT,9,156,0.6,23400.021382878,NaN,NaN
17,2,0.6,left,\RIGHT,9,157,0.6,23400.1163931716,NaN,NaN
17,2,0.6,left,\RIGHT,9,158,0.6,23400.2114034653,NaN,NaN
17,2,0.6,left,\RIGHT,9,159,0.6,23400.3064137589,NaN,NaN
17,2,0.6,left,\RIGHT,9,160,0.6,23400.4014240526,NaN,NaN
17,2,0.6,left,\RIGHT,9,161,0.6,23400.4964343463,NaN,NaN
17,2,0.6,left,\RIGHT,9,162,0.6,23400.5914446399,NaN,NaN
17,2,0.6,left,\RIGHT,9,163,0.6,23400.6864549336,NaN,NaN
17,2,0.6,left,\RIGHT,9,164,0.6,23400.7814652273,NaN,NaN
17,2,0.6,left,\RIGHT,9,165,0.6,23400.8764755209,NaN,NaN
17,2,0.6,left,\RIGHT,9,166,0.6,23400.9714858146,NaN,NaN
17,2,0.6,left,\RIGHT,9,167,0.6,23401.0664961083,NaN,NaN
17,2,0.6,left,\RIGHT,9,168,0.6,23401.1615064019,NaN,NaN
17,2,0.6,left,\RIGHT,9,169,0.6,23401.2565166956,NaN,NaN
17,2,0.6,left,\RIGHT,9,170,0.6,23401.3515269892,NaN,NaN
17,2,0.6,left,\RIGHT,9,171,0.6,23401.4465372829,NaN,NaN
17,2,0.6,left,\RIGHT,9,172,0.6,23401.5415475766,NaN,NaN
17,2,0.6,left,\RIGHT,9,173,0.6,23401.6365578702,NaN,NaN
17,2,0.6,left,\RIGHT,9,174,0.6,23401.7315681639,NaN,NaN
17,2,0.6,left,\RIGHT,9,175,0.6,23401.8265784576,NaN,NaN
17,2,0.6,left,\RIGHT,9,176,0.6,23401.9215887512,NaN,NaN
17,2,0.6,left,\RIGHT,9,177,0.6,23402.0165990449,NaN,NaN
17,2,0.6,left,\RIGHT,9,178,0.6,23402.1116093385,NaN,NaN
17,2,0.6,left,\RIGHT,9,179,0.6,23402.2066196322,NaN,NaN
17,2,0.6,left,\RIGHT,9,180,0.6,23402.3016299259,NaN,NaN
17,2,0.6,left,\RIGHT,9,181,0.6,23402.3966402195,NaN,NaN
17,2,0.6,left,\RIGHT,9,182,0.6,23402.4916505132,NaN,NaN
17,2,0.6,left,\RIGHT,9,183,0.6,23402.5866608069,NaN,NaN
17,2,0.6,left,\RIGHT,9,184,0.6,23402.6816711005,NaN,NaN
17,2,0.6,left,\RIGHT,9,185,0.6,23402.7766813942,NaN,NaN
17,2,0.6,left,\RIGHT,9,186,0.6,23402.8716916879,NaN,NaN
17,2,0.6,left,\RIGHT,9,187,0.6,23402.9667019815,NaN,NaN
17,2,0.6,left,\RIGHT,9,188,0.6,23403.0617122752,NaN,NaN
17,2,0.6,left,\RIGHT,9,189,0.6,23403.1567225688,NaN,NaN
17,2,0.6,left,\RIGHT,9,190,0.6,23403.2517328625,NaN,NaN
17,2,0.6,left,\RIGHT,9,191,0.6,23403.3467431562,NaN,NaN
17,2,0.6,left,\RIGHT,9,192,0.6,23403.4417534498,NaN,NaN
17,2,0.6,left,\RIGHT,9,193,0.6,23403.5367637435,NaN,NaN
17,2,0.6,left,\RIGHT,9,194,0.6,23403.6317740372,NaN,NaN
17,2,0.6,left,\RIGHT,9,195,0.6,23403.7267843308,NaN,NaN
17,2,0.6,left,\RIGHT,9,196,0.6,23403.8217946245,NaN,NaN
17,2,0.6,left,\RIGHT,9,197,0.6,23403.9168049181,NaN,NaN
17,2,0.6,left,\RIGHT,9,198,0.6,23404.0118152118,NaN,NaN
17,2,0.6,left,\RIGHT,9,199,0.6,23404.1068255055,NaN,NaN
17,2,0.6,left,\RIGHT,9,200,0.6,23404.2018357991,NaN,NaN
17,2,0.6,left,\RIGHT,9,201,0.6,23404.2968460928,NaN,NaN
17,2,0.6,left,\RIGHT,9,202,0.6,23404.3918563865,NaN,NaN
17,9,0.6,right,\LEFT,10,1,0,23390.7183430974,23390.7183430974,-0.000473952055472182
17,9,0.6,right,\LEFT,10,2,0,23390.813353391,23390.7383679583,0.00954647759499494
17,9,0.6,right,\LEFT,10,3,0,23390.9083636847,23390.8184338958,-0.000268334479187615
17,9,0.6,right,\LEFT,10,4,0,23391.0033739784,23390.9184917919,-0.000235201292525744
17,9,0.6,right,\LEFT,10,5,0,23391.098384272,23391.0085479735,-0.000257503161265049
17,9,0.6,right,\LEFT,10,6,0,23391.1933945657,23391.1086016435,-0.000239427281485405
17,9,0.6,right,\LEFT,10,7,0,23391.2884048594,23391.1986877089,-0.00022761936270399
17,9,0.6,right,\LEFT,10,8,0,23391.383415153,23391.2987564718,0.00975507821931387
17,9,0.6,right,\LEFT,10,9,0,23391.4784254467,23391.3888117478,-0.000258408734225668
17,9,0.6,right,\LEFT,10,10,0.015,23391.5734357404,23391.4888479102,0.00972247771278489
17,9,0.6,right,\LEFT,10,11,0.03,23391.668446034,23391.5789258254,-0.00023576949024573
17,9,0.6,right,\LEFT,10,12,0.045,23391.7634563277,23391.6790256795,0.00978616944121313
17,9,0.6,right,\LEFT,10,13,0.06,23391.8584666213,23391.7690537884,-0.000285575821180828
17,9,0.6,right,\LEFT,10,14,0.075,23391.953476915,23391.8691282866,0.00976081349290325
17,9,0.6,right,\LEFT,10,15,0.09,23392.0484872087,23391.9591844682,-0.000257503161265049
17,9,0.6,right,\LEFT,10,16,0.105,23392.1434975023,23392.0592079526,0.00970979973862995
17,9,0.6,right,\LEFT,10,17,0.12,23392.238507796,23392.1492768121,-0.000244825187110109
17,9,0.6,right,\LEFT,10,18,0.135,23392.3335180897,23392.2493700254,0.00977952859830111
17,9,0.6,right,\LEFT,10,19,0.15,23392.4285283833,23392.3393969269,-0.000286783248157008
17,9,0.6,right,\LEFT,10,20,0.165,23392.523538677,23392.4394720288,0.00976141720821033
17,9,0.6,right,\LEFT,10,21,0.18,23392.6185489706,23392.5295632257,-0.000222487804421689
17,9,0.6,right,\LEFT,10,22,0.195,23392.7135592643,23392.6193166451,-0.000560265270905802
17,9,0.6,right,\LEFT,10,23,0.21,23392.808569558,23392.7196093856,-3.56903910869733e-07
17,9,0.6,right,\LEFT,10,24,0.225,23392.9035798516,23392.8097449554,-0.000178114889422432
17,9,0.6,right,\LEFT,10,25,0.24,23392.9985901453,23392.9097744769,-0.000263575806457084
17,9,0.6,right,\LEFT,10,26,0.255,23393.093600439,23392.9998185842,-0.000269577423750889
17,9,0.6,right,\LEFT,10,27,0.27,23393.1886107326,23393.0999283996,-0.000183281965291826
17,9,0.6,right,\LEFT,10,28,0.285,23393.2836210263,23393.1900075223,-0.00023456206326955
17,9,0.6,right,\LEFT,10,29,0.3,23393.37863132,23393.2900672295,-0.000233390150242485
17,9,0.6,right,\LEFT,10,30,0.315,23393.4736416136,23393.380087792,-0.000293122233415488
17,9,0.6,right,\LEFT,10,31,0.33,23393.5686519073,23393.4801601772,-0.000220712176087545
17,9,0.6,right,\LEFT,10,32,0.345,23393.6636622009,23393.570209416,-0.000264445861830609
17,9,0.6,right,\LEFT,10,33,0.36,23393.7586724946,23393.6702718399,-0.000230673442274565
17,9,0.6,right,\LEFT,10,34,0.375,23393.8536827883,23393.7703273212,0.00974179652985185
17,9,0.6,right,\LEFT,10,35,0.39,23393.9486930819,23393.8604139902,-0.00022701565103489
17,9,0.6,right,\LEFT,10,36,0.405,23394.0437033756,23393.9504873776,-0.000240297340496909
17,9,0.6,right,\LEFT,10,37,0.42,23394.1387136693,23394.0505555368,-0.000224938165047206
17,9,0.6,right,\LEFT,10,38,0.435,23394.2337239629,23394.1406138313,-0.000255390168604208
17,9,0.6,right,\LEFT,10,39,0.45,23394.3287342566,23394.2406729348,-0.000233993861911586
17,9,0.6,right,\LEFT,10,40,0.465,23394.4237445502,23394.330740285,-0.000246334471739829
17,9,0.6,right,\LEFT,10,41,0.48,23394.5187548439,23394.4307782586,-0.000255123821261805
17,9,0.6,right,\LEFT,10,42,0.495,23394.6137651376,23394.5208353457,-0.000256597591942409
17,9,0.6,right,\LEFT,10,43,0.51,23394.7087754312,23394.6209364073,-0.000192035804502666
17,9,0.6,right,\LEFT,10,44,0.525,23394.8037857249,23394.7109907777,-0.000259314299910329
17,9,0.6,right,\LEFT,10,45,0.54,23394.8987960186,23394.8110577295,-0.000226145592023386
17,9,0.6,right,\LEFT,10,46,0.555,23394.9938063122,23394.9011151184,-0.000256295737926848
17,9,0.6,right,\LEFT,10,47,0.57,23395.0888166059,23395.001161544,-0.000246671836066525
17,9,0.6,right,\LEFT,10,48,0.585,23395.1838268995,23395.0912131977,-0.000262031011516228
17,9,0.6,right,\LEFT,10,49,0.6,23395.2788371932,23395.1913012794,-0.000205015636311146
17,9,0.6,right,\LEFT,10,50,0.6,23395.3738474869,23395.2813586684,-0.000256295734288869
17,9,0.6,right,\LEFT,10,51,0.6,23395.4688577805,23395.3814289406,-0.000222825172386365
17,9,0.6,right,\LEFT,10,52,0.6,23395.5638680742,23395.4714872351,-0.000255390164966229
17,9,0.6,right,\LEFT,10,53,0.6,23395.6588783679,23395.5715218882,-0.000258444244536804
17,9,0.6,right,\LEFT,10,54,0.6,23395.7538886615,23395.6615819939,-0.000253579026320949
17,9,0.6,right,\LEFT,10,55,0.6,23395.8488989552,23395.7616809425,-0.000194148800801486
17,9,0.6,right,\LEFT,10,56,0.6,23395.9439092489,23395.8617101622,0.00971553501221933
17,9,0.6,right,\LEFT,10,57,0.6,23396.0389195425,23395.9517569862,-0.000266860715782968
17,9,0.6,right,\LEFT,10,58,0.6,23396.1339298362,23396.0418702186,-0.00020045227574883
17,9,0.6,right,\LEFT,10,59,0.6,23396.2289401298,23396.141927511,-0.000235805004194845
17,9,0.6,right,\LEFT,10,60,0.6,23396.3239504235,23396.2319839944,-0.00025720130361151
17,9,0.6,right,\LEFT,10,61,0.6,23396.4189607172,23396.3319854433,-0.000291648462734884
17,9,0.6,right,\LEFT,10,62,0.6,23396.5139710108,23396.4220772439,-0.00022188408911461
17,9,0.6,right,\LEFT,10,63,0.6,23396.6089813045,23396.5221626089,-0.000207732344279066
17,9,0.6,right,\LEFT,10,64,0.6,23396.7039915982,23396.6122381093,-0.000238184344198089
17,9,0.6,right,\LEFT,10,65,0.6,23396.7990018918,23396.7122718568,-0.000259349813859444
17,9,0.6,right,\LEFT,10,66,0.6,23396.8940121855,NaN,NaN
17,9,0.6,right,\LEFT,10,67,0.6,23396.9890224791,NaN,NaN
17,9,0.6,right,\LEFT,10,68,0.6,23397.0840327728,NaN,NaN
17,9,0.6,right,\LEFT,10,69,0.6,23397.1790430665,NaN,NaN
17,9,0.6,right,\LEFT,10,70,0.6,23397.2740533601,NaN,NaN
17,9,0.6,right,\LEFT,10,71,0.6,23397.3690636538,NaN,NaN
17,9,0.6,right,\LEFT,10,72,0.6,23397.4640739475,NaN,NaN
17,9,0.6,right,\LEFT,10,73,0.6,23397.5590842411,NaN,NaN
17,9,0.6,right,\LEFT,10,74,0.6,23397.6540945348,NaN,NaN
17,9,0.6,right,\LEFT,10,75,0.6,23397.7491048285,NaN,NaN
17,9,0.6,right,\LEFT,10,76,0.6,23397.8441151221,NaN,NaN
17,9,0.6,right,\LEFT,10,77,0.6,23397.9391254158,NaN,NaN
17,9,0.6,right,\LEFT,10,78,0.6,23398.0341357094,NaN,NaN
17,9,0.6,right,\LEFT,10,79,0.6,23398.1291460031,NaN,NaN
17,9,0.6,right,\LEFT,10,80,0.6,23398.2241562968,NaN,NaN
17,9,0.6,right,\LEFT,10,81,0.6,23398.3191665904,NaN,NaN
17,9,0.6,right,\LEFT,10,82,0.6,23398.4141768841,NaN,NaN
17,9,0.6,right,\LEFT,10,83,0.6,23398.5091871778,NaN,NaN
17,9,0.6,right,\LEFT,10,84,0.6,23398.6041974714,NaN,NaN
17,9,0.6,right,\LEFT,10,85,0.6,23398.6992077651,NaN,NaN
17,9,0.6,right,\LEFT,10,86,0.6,23398.7942180587,NaN,NaN
17,9,0.6,right,\LEFT,10,87,0.6,23398.8892283524,NaN,NaN
17,9,0.6,right,\LEFT,10,88,0.6,23398.9842386461,NaN,NaN
17,9,0.6,right,\LEFT,10,89,0.6,23399.0792489397,NaN,NaN
17,9,0.6,right,\LEFT,10,90,0.6,23399.1742592334,NaN,NaN
17,9,0.6,right,\LEFT,10,91,0.6,23399.2692695271,NaN,NaN
17,9,0.6,right,\LEFT,10,92,0.6,23399.3642798207,NaN,NaN
17,9,0.6,right,\LEFT,10,93,0.6,23399.4592901144,NaN,NaN
17,9,0.6,right,\LEFT,10,94,0.6,23399.5543004081,NaN,NaN
17,9,0.6,right,\LEFT,10,95,0.6,23399.6493107017,NaN,NaN
17,9,0.6,right,\LEFT,10,96,0.6,23399.7443209954,NaN,NaN
17,9,0.6,right,\LEFT,10,97,0.6,23399.839331289,NaN,NaN
17,9,0.6,right,\LEFT,10,98,0.6,23399.9343415827,NaN,NaN
17,9,0.6,right,\LEFT,10,99,0.6,23400.0293518764,NaN,NaN
17,9,0.6,right,\LEFT,10,100,0.6,23400.12436217,NaN,NaN
17,9,0.6,right,\LEFT,10,101,0.6,23400.2193724637,NaN,NaN
17,9,0.6,right,\LEFT,10,102,0.6,23400.3143827574,NaN,NaN
17,9,0.6,right,\LEFT,10,103,0.6,23400.409393051,NaN,NaN
17,9,0.6,right,\LEFT,10,104,0.6,23400.5044033447,NaN,NaN
17,9,0.6,right,\LEFT,10,105,0.6,23400.5994136383,NaN,NaN
17,9,0.6,right,\LEFT,10,106,0.6,23400.694423932,NaN,NaN
17,9,0.6,right,\LEFT,10,107,0.6,23400.7894342257,NaN,NaN
17,9,0.6,right,\LEFT,10,108,0.6,23400.8844445193,NaN,NaN
17,9,0.6,right,\LEFT,10,109,0.6,23400.979454813,NaN,NaN
17,9,0.6,right,\LEFT,10,110,0.6,23401.0744651067,NaN,NaN
17,9,0.6,right,\LEFT,10,111,0.6,23401.1694754003,NaN,NaN
17,9,0.6,right,\LEFT,10,112,0.6,23401.264485694,NaN,NaN
17,9,0.6,right,\LEFT,10,113,0.6,23401.3594959877,NaN,NaN
17,9,0.6,right,\LEFT,10,114,0.6,23401.4545062813,NaN,NaN
17,9,0.6,right,\LEFT,10,115,0.6,23401.549516575,NaN,NaN
17,9,0.6,right,\LEFT,10,116,0.6,23401.6445268686,NaN,NaN
17,9,0.6,right,\LEFT,10,117,0.6,23401.7395371623,NaN,NaN
17,9,0.6,right,\LEFT,10,118,0.6,23401.834547456,NaN,NaN
17,9,0.6,right,\LEFT,10,119,0.6,23401.9295577496,NaN,NaN
17,9,0.6,right,\LEFT,10,120,0.6,23402.0245680433,NaN,NaN
17,9,0.6,right,\LEFT,10,121,0.6,23402.119578337,NaN,NaN
17,9,0.6,right,\LEFT,10,122,0.6,23402.2145886306,NaN,NaN
17,9,0.6,right,\LEFT,10,123,0.6,23402.3095989243,NaN,NaN
17,9,0.6,right,\LEFT,10,124,0.6,23402.4046092179,NaN,NaN
17,9,0.6,right,\LEFT,10,125,0.6,23402.4996195116,NaN,NaN
17,9,0.6,right,\LEFT,10,126,0.6,23402.5946298053,NaN,NaN
17,9,0.6,right,\LEFT,10,127,0.6,23402.6896400989,NaN,NaN
17,9,0.6,right,\LEFT,10,128,0.6,23402.7846503926,NaN,NaN
17,9,0.6,right,\LEFT,10,129,0.6,23402.8796606863,NaN,NaN
17,9,0.6,right,\LEFT,10,130,0.6,23402.9746709799,NaN,NaN
17,9,0.6,right,\LEFT,10,131,0.6,23403.0696812736,NaN,NaN
17,9,0.6,right,\LEFT,10,132,0.6,23403.1646915673,NaN,NaN
17,9,0.6,right,\LEFT,10,133,0.6,23403.2597018609,NaN,NaN
17,9,0.6,right,\LEFT,10,134,0.6,23403.3547121546,NaN,NaN
17,9,0.6,right,\LEFT,10,135,0.6,23403.4497224482,NaN,NaN
17,9,0.6,right,\LEFT,10,136,0.6,23403.5447327419,NaN,NaN
17,9,0.6,right,\LEFT,10,137,0.6,23403.6397430356,NaN,NaN
17,9,0.6,right,\LEFT,10,138,0.6,23403.7347533292,NaN,NaN
17,9,0.6,right,\LEFT,10,139,0.6,23403.8297636229,NaN,NaN
17,9,0.6,right,\LEFT,10,140,0.6,23403.9247739166,NaN,NaN
17,9,0.6,right,\LEFT,10,141,0.6,23404.0197842102,NaN,NaN
17,9,0.6,right,\LEFT,10,142,0.6,23404.1147945039,NaN,NaN
17,9,0.6,right,\LEFT,10,143,0.6,23404.2098047975,NaN,NaN
17,9,0.6,right,\LEFT,10,144,0.6,23404.3048150912,NaN,NaN
17,9,0.6,right,\LEFT,10,145,0.6,23404.3998253849,NaN,NaN
17,9,0.6,right,\LEFT,10,146,0.6,23404.4948356785,NaN,NaN
17,9,0.6,right,\LEFT,10,147,0.6,23404.5898459722,NaN,NaN
17,9,0.6,right,\LEFT,10,148,0.6,23404.6848562659,NaN,NaN
17,9,0.6,right,\LEFT,10,149,0.6,23404.7798665595,NaN,NaN
17,9,0.6,right,\LEFT,10,150,0.6,23404.8748768532,NaN,NaN
17,9,0.6,right,\LEFT,10,151,0.6,23404.9698871468,NaN,NaN
17,9,0.6,right,\LEFT,10,152,0.6,23405.0648974405,NaN,NaN
17,9,0.6,right,\LEFT,10,153,0.6,23405.1599077342,NaN,NaN
17,9,0.6,right,\LEFT,10,154,0.6,23405.2549180278,NaN,NaN
17,9,0.6,right,\LEFT,10,155,0.6,23405.3499283215,NaN,NaN
17,9,0.6,right,\LEFT,10,156,0.6,23405.4449386152,NaN,NaN
17,9,0.6,right,\LEFT,10,157,0.6,23405.5399489088,NaN,NaN
17,9,0.6,right,\LEFT,10,158,0.6,23405.6349592025,NaN,NaN
17,9,0.6,right,\LEFT,10,159,0.6,23405.7299694962,NaN,NaN
17,9,0.6,right,\LEFT,10,160,0.6,23405.8249797898,NaN,NaN
17,9,0.6,right,\LEFT,10,161,0.6,23405.9199900835,NaN,NaN
17,9,0.6,right,\LEFT,10,162,0.6,23406.0150003771,NaN,NaN
17,9,0.6,right,\LEFT,10,163,0.6,23406.1100106708,NaN,NaN
17,9,0.6,right,\LEFT,10,164,0.6,23406.2050209645,NaN,NaN
17,9,0.6,right,\LEFT,10,165,0.6,23406.3000312581,NaN,NaN
17,9,0.6,right,\LEFT,10,166,0.6,23406.3950415518,NaN,NaN
17,9,0.6,right,\LEFT,10,167,0.6,23406.4900518455,NaN,NaN
17,9,0.6,right,\LEFT,10,168,0.6,23406.5850621391,NaN,NaN
17,9,0.6,right,\LEFT,10,169,0.6,23406.6800724328,NaN,NaN
17,9,0.6,right,\LEFT,10,170,0.6,23406.7750827264,NaN,NaN
17,9,0.6,right,\LEFT,10,171,0.6,23406.8700930201,NaN,NaN
17,9,0.6,right,\LEFT,10,172,0.6,23406.9651033138,NaN,NaN
17,9,0.6,right,\LEFT,10,173,0.6,23407.0601136074,NaN,NaN
17,9,0.6,right,\LEFT,10,174,0.6,23407.1551239011,NaN,NaN
17,9,0.6,right,\LEFT,10,175,0.6,23407.2501341948,NaN,NaN
17,9,0.6,right,\LEFT,10,176,0.6,23407.3451444884,NaN,NaN
17,9,0.6,right,\LEFT,10,177,0.6,23407.4401547821,NaN,NaN
17,9,0.6,right,\LEFT,10,178,0.6,23407.5351650758,NaN,NaN
17,9,0.6,right,\LEFT,10,179,0.6,23407.6301753694,NaN,NaN
17,9,0.6,right,\LEFT,10,180,0.6,23407.7251856631,NaN,NaN
17,9,0.6,right,\LEFT,10,181,0.6,23407.8201959567,NaN,NaN
17,9,0.6,right,\LEFT,10,182,0.6,23407.9152062504,NaN,NaN
17,9,0.6,right,\LEFT,10,183,0.6,23408.0102165441,NaN,NaN
17,9,0.6,right,\LEFT,10,184,0.6,23408.1052268377,NaN,NaN
17,9,0.6,right,\LEFT,10,185,0.6,23408.2002371314,NaN,NaN
17,9,0.6,right,\LEFT,10,186,0.6,23408.2952474251,NaN,NaN
17,9,0.6,right,\LEFT,10,187,0.6,23408.3902577187,NaN,NaN
17,9,0.6,right,\LEFT,10,188,0.6,23408.4852680124,NaN,NaN
17,9,0.6,right,\LEFT,10,189,0.6,23408.580278306,NaN,NaN
17,9,0.6,right,\LEFT,10,190,0.6,23408.6752885997,NaN,NaN
17,9,0.6,right,\LEFT,10,191,0.6,23408.7702988934,NaN,NaN
17,9,0.6,right,\LEFT,10,192,0.6,23408.865309187,NaN,NaN
17,9,0.6,right,\LEFT,10,193,0.6,23408.9603194807,NaN,NaN
17,9,0.6,right,\LEFT,10,194,0.6,23409.0553297744,NaN,NaN
17,9,0.6,right,\LEFT,10,195,0.6,23409.150340068,NaN,NaN
17,9,0.6,right,\LEFT,10,196,0.6,23409.2453503617,NaN,NaN
17,9,0.6,right,\LEFT,10,197,0.6,23409.3403606554,NaN,NaN
17,9,0.6,right,\LEFT,10,198,0.6,23409.435370949,NaN,NaN
17,9,0.6,right,\LEFT,10,199,0.6,23409.5303812427,NaN,NaN
17,9,0.6,right,\LEFT,10,200,0.6,23409.6253915363,NaN,NaN
17,9,0.6,right,\LEFT,10,201,0.6,23409.72040183,NaN,NaN
17,9,0.6,right,\LEFT,10,202,0.6,23409.8154121237,NaN,NaN
17,5,0.6,right,\RIGHT,11,1,0,23407.1191325126,23407.1191325126,-0.000469424205221003
17,5,0.6,right,\RIGHT,11,2,0,23407.2141428063,23407.1392050668,0.00959417092963122
17,5,0.6,right,\RIGHT,11,3,0,23407.3091530999,23407.2191870883,-0.000352250601281412
17,5,0.6,right,\RIGHT,11,4,0,23407.4041633936,23407.3192555493,-0.000224636311031645
17,5,0.6,right,\RIGHT,11,5,0,23407.4991736873,23407.4093319553,-0.00023727877123747
17,5,0.6,right,\RIGHT,11,6,0.015,23407.5941839809,23407.5093820031,-0.000243049562413944
17,5,0.6,right,\RIGHT,11,7,0.03,23407.6891942746,23407.5994409013,-0.000254786453297129
17,5,0.6,right,\RIGHT,11,8,0.045,23407.7842045682,23407.6995084568,0.00975387079233769
17,5,0.6,right,\RIGHT,11,9,0.06,23407.8792148619,23407.7895661476,-0.00025599387663533
17,5,0.6,right,\RIGHT,11,10,0.075,23407.9742251556,23407.8896047249,0.00972489256309927
17,5,0.6,right,\RIGHT,11,11,0.09,23408.0692354492,23407.9796889791,-0.000229430504987249
17,5,0.6,right,\RIGHT,11,12,0.105,23408.1642457429,23408.0797571383,0.00975447450764477
17,5,0.6,right,\RIGHT,11,13,0.12,23408.2592560366,23408.1698124143,-0.000258408734225668
17,5,0.6,right,\RIGHT,11,14,0.135,23408.3542663302,23408.2698817809,0.00975568193462095
17,5,0.6,right,\RIGHT,11,15,0.15,23408.4492766239,23408.3599379624,-0.000257503164903028
17,5,0.6,right,\RIGHT,11,16,0.165,23408.5442869176,23408.4599756341,0.00972398699741461
17,5,0.6,right,\RIGHT,11,17,0.18,23408.6392972112,23408.5500318157,-0.000257503164903028
17,5,0.6,right,\RIGHT,11,18,0.195,23408.7343075049,23408.6501307643,0.00978526387552847
17,5,0.6,right,\RIGHT,11,19,0.21,23408.8293177985,23408.7401597787,-0.000284670251858188
17,5,0.6,right,\RIGHT,11,20,0.225,23408.9243280922,23408.8402101284,0.00973666496793157
17,5,0.6,right,\RIGHT,11,21,0.24,23409.0193383859,23408.930318833,-0.000204980122362031
17,5,0.6,right,\RIGHT,11,22,0.255,23409.1143486795,23409.0304081221,0.00977560446335701
17,5,0.6,right,\RIGHT,11,23,0.27,23409.2093589732,23409.120419327,-0.000302479787933407
17,5,0.6,right,\RIGHT,11,24,0.285,23409.3043692669,23409.2104902995,-0.000242712190811289
17,5,0.6,right,\RIGHT,11,25,0.3,23409.3993795605,23409.3105324991,-0.000250897828664165
17,5,0.6,right,\RIGHT,11,26,0.315,23409.4943898542,23409.4005989437,-0.000247240041062469
17,5,0.6,right,\RIGHT,11,27,0.33,23409.5894001478,23409.5006761586,-0.000215882471820805
17,5,0.6,right,\RIGHT,11,28,0.345,23409.6844104415,23409.5907226808,-0.000267162569798529
17,5,0.6,right,\RIGHT,11,29,0.36,23409.7794207352,23409.690805631,-0.000210147198231425
17,5,0.6,right,\RIGHT,11,30,0.375,23409.8744310288,23409.7808512475,-0.000268068139121169
17,5,0.6,right,\RIGHT,11,31,0.39,23409.9694413225,23409.8809260476,-0.000218297322135186
17,5,0.6,right,\RIGHT,11,32,0.405,23410.0644516162,23409.9710015479,-0.000238184344198089
17,5,0.6,right,\RIGHT,11,33,0.42,23410.1594619098,23410.0710654811,-0.000229164161282824
17,5,0.6,right,\RIGHT,11,34,0.435,23410.2544722035,23410.1711067751,0.00972760927470517
17,5,0.6,right,\RIGHT,11,35,0.45,23410.3494824971,23410.2611605418,-0.000259918015217409
17,5,0.6,right,\RIGHT,11,36,0.465,23410.4444927908,23410.3512438904,-0.00023033607067191
17,5,0.6,right,\RIGHT,11,37,0.48,23410.5395030845,23410.451281864,-0.000255123821261805
17,5,0.6,right,\RIGHT,11,38,0.495,23410.6345133781,23410.5413353288,-0.000260219872870948
17,5,0.6,right,\RIGHT,11,39,0.51,23410.7295236718,23410.6414496721,-0.000178754115040647
17,5,0.6,right,\RIGHT,11,40,0.525,23410.8245339655,23410.7314949868,-0.000268370000412688
17,5,0.6,right,\RIGHT,11,41,0.54,23410.9195442591,23410.8315604293,-0.000227654873015126
17,5,0.6,right,\RIGHT,11,42,0.555,23411.0145545528,23410.9216172145,-0.000256899449595949
17,5,0.6,right,\RIGHT,11,43,0.57,23411.1095648465,23411.0216917127,-0.000218599179788725
17,5,0.6,right,\RIGHT,11,44,0.585,23411.2045751401,23411.1117282736,-0.000277123839623528
17,5,0.6,right,\RIGHT,11,45,0.6,23411.2995854338,23411.2117831511,-0.000238219854509225
17,5,0.6,right,\RIGHT,11,46,0.6,23411.3945957274,23411.3018876297,-0.00020920611495967
17,5,0.6,right,\RIGHT,11,47,0.6,23411.4896060211,23411.4018993417,-0.000281385338894324
17,5,0.6,right,\RIGHT,11,48,0.6,23411.5846163148,23411.4919606548,-0.000252371602982748
17,5,0.6,right,\RIGHT,11,49,0.6,23411.6796266084,23411.5920505477,-0.000203204494027887
17,5,0.6,right,\RIGHT,11,50,0.6,23411.7746369021,23411.6820680916,-0.000296140799036948
17,5,0.6,right,\RIGHT,11,51,0.6,23411.8696471958,23411.7821440991,-0.000217089898796985
17,5,0.6,right,\RIGHT,11,52,0.6,23411.9646574894,23411.8722189957,-0.00023878805586719
17,5,0.6,right,\RIGHT,11,53,0.6,23412.0596677831,23411.9723155294,-0.000196563654753845
17,5,0.6,right,\RIGHT,11,54,0.6,23412.1546780767,23412.0623412235,-0.000287990671495209
17,5,0.6,right,\RIGHT,11,55,0.6,23412.2496883704,23412.1624398702,-0.000194450654817047
17,5,0.6,right,\RIGHT,11,56,0.6,23412.3446986641,23412.2624724103,0.00971885543185635
17,5,0.6,right,\RIGHT,11,57,0.6,23412.4397089577,23412.3525783982,-0.00020769683396793
17,5,0.6,right,\RIGHT,11,58,0.6,23412.5347192514,23412.4426028848,-0.000289198098471388
17,5,0.6,right,\RIGHT,11,59,0.6,23412.6297295451,23412.5426825145,-0.000213467617868446
17,5,0.6,right,\RIGHT,11,60,0.6,23412.7247398387,23412.6327432239,-0.000252975314651849
17,5,0.6,right,\RIGHT,11,61,0.6,23412.8197501324,23412.7328041386,-0.000232182723266305
17,5,0.6,right,\RIGHT,11,62,0.6,23412.9147604261,23412.8228763185,-0.00024150476383511
17,5,0.6,right,\RIGHT,11,63,0.6,23413.0097707197,23412.922924857,-0.000244558843405684
17,5,0.6,right,\RIGHT,11,64,0.6,23413.1047810134,23413.0129602105,-0.000278331262961729
17,5,0.6,right,\RIGHT,11,65,0.6,23413.199791307,23413.1130485941,-0.000204713778657606
17,5,0.6,right,\RIGHT,11,66,0.6,23413.2948016007,23413.2030773067,-0.000284972109511727
17,5,0.6,right,\RIGHT,11,67,0.6,23413.3898118944,23413.3031859147,-0.000184489388630027
17,5,0.6,right,\RIGHT,11,68,0.6,23413.484822188,23413.3932387758,-0.000260823584540049
17,5,0.6,right,\RIGHT,11,69,0.6,23413.5798324817,23413.4932743345,-0.000257538675214164
17,5,0.6,right,\RIGHT,11,70,0.6,23413.6748427754,23413.5833332327,-0.000254786453297129
17,5,0.6,right,\RIGHT,11,71,0.6,23413.769853069,23413.6833778471,-0.000248482974711806
17,5,0.6,right,\RIGHT,11,72,0.6,23413.8648633627,23413.7734877591,-0.00020377269902383
17,5,0.6,right,\RIGHT,11,73,0.6,23413.9598736563,23413.8735580313,-0.000222825172386365
17,5,0.6,right,\RIGHT,11,74,0.6,23414.05488395,23413.9636009312,-0.000270784850727068
17,5,0.6,right,\RIGHT,11,75,0.6,23414.1498942437,23414.0636890129,-0.000205015632673167
17,5,0.6,right,\RIGHT,11,76,0.6,23414.2449045373,23414.1537307053,-0.000271992277703248
17,5,0.6,right,\RIGHT,11,77,0.6,23414.339914831,23414.2537943367,-0.000229466015298385
17,5,0.6,right,\RIGHT,11,78,0.6,23414.4349251247,23414.3538797017,0.00977168032841291
17,5,0.6,right,\RIGHT,11,79,0.6,23414.5299354183,23414.4439014716,-0.000291914806439308
17,5,0.6,right,\RIGHT,11,80,0.6,23414.624945712,23414.5339808961,-0.000234260209253989
17,5,0.6,right,\RIGHT,11,81,0.6,23414.7199560057,23414.6340363773,-0.000237616142840125
17,5,0.6,right,\RIGHT,11,82,0.6,23414.8149662993,23414.724121839,-0.000228223078011069
17,5,0.6,right,\RIGHT,11,83,0.6,23414.909976593,23414.8241887907,-0.000226145592023386
17,5,0.6,right,\RIGHT,11,84,0.6,23415.0049868866,23414.9142229368,-0.000279538689937908
17,5,0.6,right,\RIGHT,11,85,0.6,23415.0999971803,23415.0142929071,-0.000223127026401926
17,5,0.6,right,\RIGHT,11,86,0.6,23415.195007474,23415.1043342977,-0.000272294135356788
17,5,0.6,right,\RIGHT,11,87,0.6,23415.2900177676,23415.2044471316,-0.000180263399670366
17,5,0.6,right,\RIGHT,11,88,0.6,23415.3850280613,23415.2944858055,-0.000275010839686729
17,5,0.6,right,\RIGHT,11,89,0.6,23415.480038355,23415.3945624167,-0.000216486183489906
17,5,0.6,right,\RIGHT,11,90,0.6,23415.5750486486,23415.4846122592,-0.000263842150161508
17,5,0.6,right,\RIGHT,11,91,0.6,23415.6700589423,23415.5846888704,-0.000216486183489906
17,5,0.6,right,\RIGHT,11,92,0.6,23415.7650692359,23415.6747103385,-0.000292216664092848
17,5,0.6,right,\RIGHT,11,93,0.6,23415.8600795296,23415.7748086833,-0.000194752512470586
17,5,0.6,right,\RIGHT,11,94,0.6,23415.9550898233,23415.8648606389,-0.000261729153862689
17,5,0.6,right,\RIGHT,11,95,0.6,23416.0501001169,23415.9649399668,-0.000213769475521985
17,5,0.6,right,\RIGHT,11,96,0.6,23416.1451104106,23416.0549913186,-0.000262332869169768
17,5,0.6,right,\RIGHT,11,97,0.6,23416.2401207043,23416.1550314052,-0.000253010824962985
17,5,0.6,right,\RIGHT,11,98,0.6,23416.3351309979,23416.2450999628,-0.00024512704112567
17,5,0.6,right,\RIGHT,11,99,0.6,23416.4301412916,23416.345155444,-0.000237616142840125
17,5,0.6,right,\RIGHT,11,100,0.6,23416.5251515853,23416.4351895901,-0.000279538689937908
17,5,0.6,right,\RIGHT,11,101,0.6,23416.6201618789,23416.5352821996,-0.000200487786059966
17,5,0.6,right,\RIGHT,11,102,0.6,23416.7151721726,23416.6253338533,-0.000262031011516228
17,5,0.6,right,\RIGHT,11,103,0.6,23416.8101824662,23416.725394768,-0.000232182723266305
17,5,0.6,right,\RIGHT,11,104,0.6,23416.9051927599,23416.8154853612,-0.00022309151609079
17,5,0.6,right,\RIGHT,11,105,0.6,23417.0002030536,23416.9155517092,0.00975266336536151
17,5,0.6,right,\RIGHT,11,106,0.6,23417.0952133472,23417.0055958165,-0.000269577423750889
17,5,0.6,right,\RIGHT,11,107,0.6,23417.1902236409,23417.1056482792,0.00973877796423039
17,5,0.6,right,\RIGHT,11,108,0.6,23417.2852339346,23417.1956990273,-0.00026293657720089
17,5,0.6,right,\RIGHT,11,109,0.6,23417.3802442282,23417.2957834868,0.00977077475545229
17,5,0.6,right,\RIGHT,11,110,0.6,23417.4752545219,23417.385794088,-0.000303083499602508
17,5,0.6,right,\RIGHT,11,111,0.6,23417.5702648155,23417.4859023941,0.00979462142640841
17,5,0.6,right,\RIGHT,11,112,0.6,23417.6652751092,23417.5759117879,-0.000304290926578688
17,5,0.6,right,\RIGHT,11,113,0.6,23417.7602854029,23417.6760496759,0.00982420336731593
17,5,0.6,right,\RIGHT,11,114,0.6,23417.8552956965,23417.7660977073,-0.000265653288806789
17,5,0.6,right,\RIGHT,11,115,0.6,23417.9503059902,23417.8661703944,0.00975900235425797
17,5,0.6,right,\RIGHT,11,116,0.6,23418.0453162839,23417.9562024274,-0.000281651686236728
17,5,0.6,right,\RIGHT,11,117,0.6,23418.1403265775,23418.0562244026,0.00970829045400023
17,5,0.6,right,\RIGHT,11,118,0.6,23418.2353368712,23418.1463587649,-0.000179322316398611
17,5,0.6,right,\RIGHT,11,119,0.6,23418.3303471649,23418.2361142974,-0.000558152274606982
17,5,0.6,right,\RIGHT,11,120,0.6,23418.4253574585,23418.336484615,7.72202256484888e-05
17,5,0.6,right,\RIGHT,11,121,0.6,23418.5203677522,23418.4265752082,-0.00022309151609079
17,5,0.6,right,\RIGHT,11,122,0.6,23418.6153780458,23418.5265763552,-0.000291950316750444
17,5,0.6,right,\RIGHT,11,123,0.6,23418.7103883395,23418.6166726837,-0.00021735624250141
17,5,0.6,right,\RIGHT,11,124,0.6,23418.8053986332,23418.7164622293,-0.000503551753354259
17,5,0.6,right,\RIGHT,11,125,0.6,23418.9004089268,23418.8067991374,2.32234197028447e-05
17,5,0.6,right,\RIGHT,11,126,0.6,23418.9954192205,23418.9068274516,-0.000264783229795285
17,5,0.6,right,\RIGHT,11,127,0.6,23419.0904295142,23418.9968736718,-0.000267464427452069
17,5,0.6,right,\RIGHT,11,128,0.6,23419.1854398078,23419.0969816761,-0.000185093107575085
17,5,0.6,right,\RIGHT,11,129,0.6,23419.2804501015,23419.1870478189,-0.000247541895078029
17,5,0.6,right,\RIGHT,11,130,0.6,23419.3754603951,23419.2871033001,-0.000237616142840125
17,5,0.6,right,\RIGHT,11,131,0.6,23419.4704706888,23419.3771887618,-0.000228223078011069
17,5,0.6,right,\RIGHT,11,132,0.6,23419.5654809825,23419.4772523931,-0.000229466015298385
17,5,0.6,right,\RIGHT,11,133,0.6,23419.6604912761,23419.5672980097,-0.000268068139121169
17,5,0.6,right,\RIGHT,11,134,0.6,23419.7555015698,NaN,NaN
17,5,0.6,right,\RIGHT,11,135,0.6,23419.8505118635,NaN,NaN
17,5,0.6,right,\RIGHT,11,136,0.6,23419.9455221571,NaN,NaN
17,5,0.6,right,\RIGHT,11,137,0.6,23420.0405324508,NaN,NaN
17,5,0.6,right,\RIGHT,11,138,0.6,23420.1355427444,NaN,NaN
17,5,0.6,right,\RIGHT,11,139,0.6,23420.2305530381,NaN,NaN
17,5,0.6,right,\RIGHT,11,140,0.6,23420.3255633318,NaN,NaN
17,5,0.6,right,\RIGHT,11,141,0.6,23420.4205736254,NaN,NaN
17,5,0.6,right,\RIGHT,11,142,0.6,23420.5155839191,NaN,NaN
17,5,0.6,right,\RIGHT,11,143,0.6,23420.6105942128,NaN,NaN
17,5,0.6,right,\RIGHT,11,144,0.6,23420.7056045064,NaN,NaN
17,5,0.6,right,\RIGHT,11,145,0.6,23420.8006148001,NaN,NaN
17,5,0.6,right,\RIGHT,11,146,0.6,23420.8956250938,NaN,NaN
17,5,0.6,right,\RIGHT,11,147,0.6,23420.9906353874,NaN,NaN
17,5,0.6,right,\RIGHT,11,148,0.6,23421.0856456811,NaN,NaN
17,5,0.6,right,\RIGHT,11,149,0.6,23421.1806559747,NaN,NaN
17,5,0.6,right,\RIGHT,11,150,0.6,23421.2756662684,NaN,NaN
17,5,0.6,right,\RIGHT,11,151,0.6,23421.3706765621,NaN,NaN
17,5,0.6,right,\RIGHT,11,152,0.6,23421.4656868557,NaN,NaN
17,5,0.6,right,\RIGHT,11,153,0.6,23421.5606971494,NaN,NaN
17,5,0.6,right,\RIGHT,11,154,0.6,23421.6557074431,NaN,NaN
17,5,0.6,right,\RIGHT,11,155,0.6,23421.7507177367,NaN,NaN
17,5,0.6,right,\RIGHT,11,156,0.6,23421.8457280304,NaN,NaN
17,5,0.6,right,\RIGHT,11,157,0.6,23421.940738324,NaN,NaN
17,5,0.6,right,\RIGHT,11,158,0.6,23422.0357486177,NaN,NaN
17,5,0.6,right,\RIGHT,11,159,0.6,23422.1307589114,NaN,NaN
17,5,0.6,right,\RIGHT,11,160,0.6,23422.225769205,NaN,NaN
17,5,0.6,right,\RIGHT,11,161,0.6,23422.3207794987,NaN,NaN
17,5,0.6,right,\RIGHT,11,162,0.6,23422.4157897924,NaN,NaN
17,5,0.6,right,\RIGHT,11,163,0.6,23422.510800086,NaN,NaN
17,5,0.6,right,\RIGHT,11,164,0.6,23422.6058103797,NaN,NaN
17,5,0.6,right,\RIGHT,11,165,0.6,23422.7008206734,NaN,NaN
17,5,0.6,right,\RIGHT,11,166,0.6,23422.795830967,NaN,NaN
17,5,0.6,right,\RIGHT,11,167,0.6,23422.8908412607,NaN,NaN
17,5,0.6,right,\RIGHT,11,168,0.6,23422.9858515543,NaN,NaN
17,5,0.6,right,\RIGHT,11,169,0.6,23423.080861848,NaN,NaN
17,5,0.6,right,\RIGHT,11,170,0.6,23423.1758721417,NaN,NaN
17,5,0.6,right,\RIGHT,11,171,0.6,23423.2708824353,NaN,NaN
17,5,0.6,right,\RIGHT,11,172,0.6,23423.365892729,NaN,NaN
17,5,0.6,right,\RIGHT,11,173,0.6,23423.4609030227,NaN,NaN
17,5,0.6,right,\RIGHT,11,174,0.6,23423.5559133163,NaN,NaN
17,5,0.6,right,\RIGHT,11,175,0.6,23423.65092361,NaN,NaN
17,5,0.6,right,\RIGHT,11,176,0.6,23423.7459339036,NaN,NaN
17,5,0.6,right,\RIGHT,11,177,0.6,23423.8409441973,NaN,NaN
17,5,0.6,right,\RIGHT,11,178,0.6,23423.935954491,NaN,NaN
17,5,0.6,right,\RIGHT,11,179,0.6,23424.0309647846,NaN,NaN
17,5,0.6,right,\RIGHT,11,180,0.6,23424.1259750783,NaN,NaN
17,5,0.6,right,\RIGHT,11,181,0.6,23424.220985372,NaN,NaN
17,5,0.6,right,\RIGHT,11,182,0.6,23424.3159956656,NaN,NaN
17,5,0.6,right,\RIGHT,11,183,0.6,23424.4110059593,NaN,NaN
17,5,0.6,right,\RIGHT,11,184,0.6,23424.5060162529,NaN,NaN
17,5,0.6,right,\RIGHT,11,185,0.6,23424.6010265466,NaN,NaN
17,5,0.6,right,\RIGHT,11,186,0.6,23424.6960368403,NaN,NaN
17,5,0.6,right,\RIGHT,11,187,0.6,23424.7910471339,NaN,NaN
17,5,0.6,right,\RIGHT,11,188,0.6,23424.8860574276,NaN,NaN
17,5,0.6,right,\RIGHT,11,189,0.6,23424.9810677213,NaN,NaN
17,5,0.6,right,\RIGHT,11,190,0.6,23425.0760780149,NaN,NaN
17,5,0.6,right,\RIGHT,11,191,0.6,23425.1710883086,NaN,NaN
17,5,0.6,right,\RIGHT,11,192,0.6,23425.2660986023,NaN,NaN
17,5,0.6,right,\RIGHT,11,193,0.6,23425.3611088959,NaN,NaN
17,5,0.6,right,\RIGHT,11,194,0.6,23425.4561191896,NaN,NaN
17,5,0.6,right,\RIGHT,11,195,0.6,23425.5511294832,NaN,NaN
17,5,0.6,right,\RIGHT,11,196,0.6,23425.6461397769,NaN,NaN
17,5,0.6,right,\RIGHT,11,197,0.6,23425.7411500706,NaN,NaN
17,5,0.6,right,\RIGHT,11,198,0.6,23425.8361603642,NaN,NaN
17,5,0.6,right,\RIGHT,11,199,0.6,23425.9311706579,NaN,NaN
17,5,0.6,right,\RIGHT,11,200,0.6,23426.0261809516,NaN,NaN
17,5,0.6,right,\RIGHT,11,201,0.6,23426.1211912452,NaN,NaN
17,5,0.6,right,\RIGHT,11,202,0.6,23426.2162015389,NaN,NaN
17,5,0.6,right,\LEFT,12,1,0,23421.2884236206,23421.2884236206,-0.000461575935332803
17,5,0.6,right,\LEFT,12,2,0,23421.3834339143,23421.3384472862,0.0395452822449442
17,5,0.6,right,\LEFT,12,3,0,23421.478444208,23421.3884591793,-0.000384140857931925
17,5,0.6,right,\LEFT,12,4,0,23421.5734545016,23421.4885216033,-0.000230673442274565
17,5,0.6,right,\LEFT,12,5,0,23421.6684647953,23421.5785756718,-0.000259616157563869
17,5,0.6,right,\LEFT,12,6,0.015,23421.763475089,23421.6786761297,-0.000192639516171766
17,5,0.6,right,\LEFT,12,7,0.03,23421.8584853826,23421.7687057478,-0.000284066536551109
17,5,0.6,right,\LEFT,12,8,0.045,23421.9534956763,23421.8688007723,0.00978133973694639
17,5,0.6,right,\LEFT,12,9,0.06,23422.0485059699,23421.9588560482,-0.000258408730587689
17,5,0.6,right,\LEFT,12,10,0.075,23422.1435162636,23422.0589220944,0.00975236150770797
17,5,0.6,right,\LEFT,12,11,0.09,23422.2385265573,23422.1489837094,-0.000252069745329209
17,5,0.6,right,\LEFT,12,12,0.105,23422.3335368509,23422.2490585095,0.00976111535055679
17,5,0.6,right,\LEFT,12,13,0.12,23422.4285471446,23422.3390866183,-0.000285575821180828
17,5,0.6,right,\LEFT,12,14,0.135,23422.5235574383,23422.4391547775,0.00975447450764477
17,5,0.6,right,\LEFT,12,15,0.15,23422.6185677319,23422.5292408429,-0.000227619366341969
17,5,0.6,right,\LEFT,12,16,0.165,23422.7135780256,23422.6293198689,0.00976534134315443
17,5,0.6,right,\LEFT,12,17,0.18,23422.8085883192,23422.7193669948,-0.000266558861767408
17,5,0.6,right,\LEFT,12,18,0.195,23422.9035986129,23422.8194185519,0.00973787239854573
17,5,0.6,right,\LEFT,12,19,0.21,23422.9986089066,23422.909452396,-0.000279840547591448
17,5,0.6,right,\LEFT,12,20,0.225,23423.0936192002,23423.0095072735,0.00974119281818275
17,5,0.6,right,\LEFT,12,21,0.24,23423.1886294939,23423.0995981686,-0.00022278965843725
17,5,0.6,right,\LEFT,12,22,0.255,23423.2836397876,23423.1897192493,-0.00019260400586063
17,5,0.6,right,\LEFT,12,23,0.27,23423.3786500812,23423.2897382059,-0.000274140784313204
17,5,0.6,right,\LEFT,12,24,0.285,23423.4736603749,23423.3797454866,-0.000306403922877507
17,5,0.6,right,\LEFT,12,25,0.3,23423.5686706686,23423.4798178718,-0.000220712176087545
17,5,0.6,right,\LEFT,12,26,0.315,23423.6636809622,23423.5698713367,-0.000260219869232969
17,5,0.6,right,\LEFT,12,27,0.33,23423.7586912559,23423.6699573054,-0.000207128632609965
17,5,0.6,right,\LEFT,12,28,0.345,23423.8537015495,23423.7600192222,-0.000251767887675669
17,5,0.6,right,\LEFT,12,29,0.36,23423.9487118432,23423.8601054928,-0.000206826774956426
17,5,0.6,right,\LEFT,12,30,0.375,23424.0437221369,23423.9501523168,-0.00026686071214499
17,5,0.6,right,\LEFT,12,31,0.39,23424.1387324305,23424.0502316447,-0.000213769475521985
17,5,0.6,right,\LEFT,12,32,0.405,23424.2337427242,23424.1402431515,-0.000302177930279868
17,5,0.6,right,\LEFT,12,33,0.42,23424.3287530179,23424.2403472316,-0.000189017238881206
17,5,0.6,right,\LEFT,12,34,0.435,23424.4237633115,23424.3303970742,-0.000263842150161508
17,5,0.6,right,\LEFT,12,35,0.45,23424.5187736052,23424.4304830429,-0.000207128632609965
17,5,0.6,right,\LEFT,12,36,0.465,23424.6137838988,23424.5305342981,0.00973757054089219
17,5,0.6,right,\LEFT,12,37,0.48,23424.7087941925,23424.6206046669,-0.000243315906118369
17,5,0.6,right,\LEFT,12,38,0.495,23424.8038044862,23424.7106647726,-0.000253579026320949
17,5,0.6,right,\LEFT,12,39,0.51,23424.8988147798,23424.8107211594,-0.000236710573517485
17,5,0.6,right,\LEFT,12,40,0.525,23424.9938250735,23424.9007897171,-0.00024512704112567
17,5,0.6,right,\LEFT,12,41,0.54,23425.0888353672,23425.0008539521,-0.000228862303629285
17,5,0.6,right,\LEFT,12,42,0.555,23425.1838456608,23425.0909107374,-0.000256899449595949
17,5,0.6,right,\LEFT,12,43,0.57,23425.2788559545,23425.1909773873,-0.000226447449676925
17,5,0.6,right,\LEFT,12,44,0.585,23425.3738662481,23425.2810411153,-0.000249956749030389
17,5,0.6,right,\LEFT,12,45,0.6,23425.4688765418,NaN,NaN
17,5,0.6,right,\LEFT,12,46,0.6,23425.5638868355,NaN,NaN
17,5,0.6,right,\LEFT,12,47,0.6,23425.6588971291,NaN,NaN
17,5,0.6,right,\LEFT,12,48,0.6,23425.7539074228,NaN,NaN
17,5,0.6,right,\LEFT,12,49,0.6,23425.8489177165,NaN,NaN
17,5,0.6,right,\LEFT,12,50,0.6,23425.9439280101,NaN,NaN
17,5,0.6,right,\LEFT,12,51,0.6,23426.0389383038,NaN,NaN
17,5,0.6,right,\LEFT,12,52,0.6,23426.1339485975,NaN,NaN
17,5,0.6,right,\LEFT,12,53,0.6,23426.2289588911,NaN,NaN
17,5,0.6,right,\LEFT,12,54,0.6,23426.3239691848,NaN,NaN
17,5,0.6,right,\LEFT,12,55,0.6,23426.4189794784,NaN,NaN
17,5,0.6,right,\LEFT,12,56,0.6,23426.5139897721,NaN,NaN
17,5,0.6,right,\LEFT,12,57,0.6,23426.6090000658,NaN,NaN
17,5,0.6,right,\LEFT,12,58,0.6,23426.7040103594,NaN,NaN
17,5,0.6,right,\LEFT,12,59,0.6,23426.7990206531,NaN,NaN
17,5,0.6,right,\LEFT,12,60,0.6,23426.8940309468,NaN,NaN
17,5,0.6,right,\LEFT,12,61,0.6,23426.9890412404,NaN,NaN
17,5,0.6,right,\LEFT,12,62,0.6,23427.0840515341,NaN,NaN
17,5,0.6,right,\LEFT,12,63,0.6,23427.1790618277,NaN,NaN
17,5,0.6,right,\LEFT,12,64,0.6,23427.2740721214,NaN,NaN
17,5,0.6,right,\LEFT,12,65,0.6,23427.3690824151,NaN,NaN
17,5,0.6,right,\LEFT,12,66,0.6,23427.4640927087,NaN,NaN
17,5,0.6,right,\LEFT,12,67,0.6,23427.5591030024,NaN,NaN
17,5,0.6,right,\LEFT,12,68,0.6,23427.6541132961,NaN,NaN
17,5,0.6,right,\LEFT,12,69,0.6,23427.7491235897,NaN,NaN
17,5,0.6,right,\LEFT,12,70,0.6,23427.8441338834,NaN,NaN
17,5,0.6,right,\LEFT,12,71,0.6,23427.9391441771,NaN,NaN
17,5,0.6,right,\LEFT,12,72,0.6,23428.0341544707,NaN,NaN
17,5,0.6,right,\LEFT,12,73,0.6,23428.1291647644,NaN,NaN
17,5,0.6,right,\LEFT,12,74,0.6,23428.224175058,NaN,NaN
17,5,0.6,right,\LEFT,12,75,0.6,23428.3191853517,NaN,NaN
17,5,0.6,right,\LEFT,12,76,0.6,23428.4141956454,NaN,NaN
17,5,0.6,right,\LEFT,12,77,0.6,23428.509205939,NaN,NaN
17,5,0.6,right,\LEFT,12,78,0.6,23428.6042162327,NaN,NaN
17,5,0.6,right,\LEFT,12,79,0.6,23428.6992265264,NaN,NaN
17,5,0.6,right,\LEFT,12,80,0.6,23428.79423682,NaN,NaN
17,5,0.6,right,\LEFT,12,81,0.6,23428.8892471137,NaN,NaN
17,5,0.6,right,\LEFT,12,82,0.6,23428.9842574073,NaN,NaN
17,5,0.6,right,\LEFT,12,83,0.6,23429.079267701,NaN,NaN
17,5,0.6,right,\LEFT,12,84,0.6,23429.1742779947,NaN,NaN
17,5,0.6,right,\LEFT,12,85,0.6,23429.2692882883,NaN,NaN
17,5,0.6,right,\LEFT,12,86,0.6,23429.364298582,NaN,NaN
17,5,0.6,right,\LEFT,12,87,0.6,23429.4593088757,NaN,NaN
17,5,0.6,right,\LEFT,12,88,0.6,23429.5543191693,NaN,NaN
17,5,0.6,right,\LEFT,12,89,0.6,23429.649329463,NaN,NaN
17,5,0.6,right,\LEFT,12,90,0.6,23429.7443397567,NaN,NaN
17,5,0.6,right,\LEFT,12,91,0.6,23429.8393500503,NaN,NaN
17,5,0.6,right,\LEFT,12,92,0.6,23429.934360344,NaN,NaN
17,5,0.6,right,\LEFT,12,93,0.6,23430.0293706376,NaN,NaN
17,5,0.6,right,\LEFT,12,94,0.6,23430.1243809313,NaN,NaN
17,5,0.6,right,\LEFT,12,95,0.6,23430.219391225,NaN,NaN
17,5,0.6,right,\LEFT,12,96,0.6,23430.3144015186,NaN,NaN
17,5,0.6,right,\LEFT,12,97,0.6,23430.4094118123,NaN,NaN
17,5,0.6,right,\LEFT,12,98,0.6,23430.504422106,NaN,NaN
17,5,0.6,right,\LEFT,12,99,0.6,23430.5994323996,NaN,NaN
17,5,0.6,right,\LEFT,12,100,0.6,23430.6944426933,NaN,NaN
17,5,0.6,right,\LEFT,12,101,0.6,23430.7894529869,NaN,NaN
17,5,0.6,right,\LEFT,12,102,0.6,23430.8844632806,NaN,NaN
17,5,0.6,right,\LEFT,12,103,0.6,23430.9794735743,NaN,NaN
17,5,0.6,right,\LEFT,12,104,0.6,23431.0744838679,NaN,NaN
17,5,0.6,right,\LEFT,12,105,0.6,23431.1694941616,NaN,NaN
17,5,0.6,right,\LEFT,12,106,0.6,23431.2645044553,NaN,NaN
17,5,0.6,right,\LEFT,12,107,0.6,23431.3595147489,NaN,NaN
17,5,0.6,right,\LEFT,12,108,0.6,23431.4545250426,NaN,NaN
17,5,0.6,right,\LEFT,12,109,0.6,23431.5495353362,NaN,NaN
17,5,0.6,right,\LEFT,12,110,0.6,23431.6445456299,NaN,NaN
17,5,0.6,right,\LEFT,12,111,0.6,23431.7395559236,NaN,NaN
17,5,0.6,right,\LEFT,12,112,0.6,23431.8345662172,NaN,NaN
17,5,0.6,right,\LEFT,12,113,0.6,23431.9295765109,NaN,NaN
17,5,0.6,right,\LEFT,12,114,0.6,23432.0245868046,NaN,NaN
17,5,0.6,right,\LEFT,12,115,0.6,23432.1195970982,NaN,NaN
17,5,0.6,right,\LEFT,12,116,0.6,23432.2146073919,NaN,NaN
17,5,0.6,right,\LEFT,12,117,0.6,23432.3096176856,NaN,NaN
17,5,0.6,right,\LEFT,12,118,0.6,23432.4046279792,NaN,NaN
17,5,0.6,right,\LEFT,12,119,0.6,23432.4996382729,NaN,NaN
17,5,0.6,right,\LEFT,12,120,0.6,23432.5946485665,NaN,NaN
17,5,0.6,right,\LEFT,12,121,0.6,23432.6896588602,NaN,NaN
17,5,0.6,right,\LEFT,12,122,0.6,23432.7846691539,NaN,NaN
17,5,0.6,right,\LEFT,12,123,0.6,23432.8796794475,NaN,NaN
17,5,0.6,right,\LEFT,12,124,0.6,23432.9746897412,NaN,NaN
17,5,0.6,right,\LEFT,12,125,0.6,23433.0697000349,NaN,NaN
17,5,0.6,right,\LEFT,12,126,0.6,23433.1647103285,NaN,NaN
17,5,0.6,right,\LEFT,12,127,0.6,23433.2597206222,NaN,NaN
17,5,0.6,right,\LEFT,12,128,0.6,23433.3547309158,NaN,NaN
17,5,0.6,right,\LEFT,12,129,0.6,23433.4497412095,NaN,NaN
17,5,0.6,right,\LEFT,12,130,0.6,23433.5447515032,NaN,NaN
17,5,0.6,right,\LEFT,12,131,0.6,23433.6397617968,NaN,NaN
17,5,0.6,right,\LEFT,12,132,0.6,23433.7347720905,NaN,NaN
17,5,0.6,right,\LEFT,12,133,0.6,23433.8297823842,NaN,NaN
17,5,0.6,right,\LEFT,12,134,0.6,23433.9247926778,NaN,NaN
17,5,0.6,right,\LEFT,12,135,0.6,23434.0198029715,NaN,NaN
17,5,0.6,right,\LEFT,12,136,0.6,23434.1148132652,NaN,NaN
17,5,0.6,right,\LEFT,12,137,0.6,23434.2098235588,NaN,NaN
17,5,0.6,right,\LEFT,12,138,0.6,23434.3048338525,NaN,NaN
17,5,0.6,right,\LEFT,12,139,0.6,23434.3998441461,NaN,NaN
17,5,0.6,right,\LEFT,12,140,0.6,23434.4948544398,NaN,NaN
17,5,0.6,right,\LEFT,12,141,0.6,23434.5898647335,NaN,NaN
17,5,0.6,right,\LEFT,12,142,0.6,23434.6848750271,NaN,NaN
17,5,0.6,right,\LEFT,12,143,0.6,23434.7798853208,NaN,NaN
17,5,0.6,right,\LEFT,12,144,0.6,23434.8748956145,NaN,NaN
17,5,0.6,right,\LEFT,12,145,0.6,23434.9699059081,NaN,NaN
17,5,0.6,right,\LEFT,12,146,0.6,23435.0649162018,NaN,NaN
17,5,0.6,right,\LEFT,12,147,0.6,23435.1599264954,NaN,NaN
17,5,0.6,right,\LEFT,12,148,0.6,23435.2549367891,NaN,NaN
17,5,0.6,right,\LEFT,12,149,0.6,23435.3499470828,NaN,NaN
17,5,0.6,right,\LEFT,12,150,0.6,23435.4449573764,NaN,NaN
17,5,0.6,right,\LEFT,12,151,0.6,23435.5399676701,NaN,NaN
17,5,0.6,right,\LEFT,12,152,0.6,23435.6349779638,NaN,NaN
17,5,0.6,right,\LEFT,12,153,0.6,23435.7299882574,NaN,NaN
17,5,0.6,right,\LEFT,12,154,0.6,23435.8249985511,NaN,NaN
17,5,0.6,right,\LEFT,12,155,0.6,23435.9200088448,NaN,NaN
17,5,0.6,right,\LEFT,12,156,0.6,23436.0150191384,NaN,NaN
17,5,0.6,right,\LEFT,12,157,0.6,23436.1100294321,NaN,NaN
17,5,0.6,right,\LEFT,12,158,0.6,23436.2050397257,NaN,NaN
17,5,0.6,right,\LEFT,12,159,0.6,23436.3000500194,NaN,NaN
17,5,0.6,right,\LEFT,12,160,0.6,23436.3950603131,NaN,NaN
17,5,0.6,right,\LEFT,12,161,0.6,23436.4900706067,NaN,NaN
17,5,0.6,right,\LEFT,12,162,0.6,23436.5850809004,NaN,NaN
17,5,0.6,right,\LEFT,12,163,0.6,23436.6800911941,NaN,NaN
17,5,0.6,right,\LEFT,12,164,0.6,23436.7751014877,NaN,NaN
17,5,0.6,right,\LEFT,12,165,0.6,23436.8701117814,NaN,NaN
17,5,0.6,right,\LEFT,12,166,0.6,23436.965122075,NaN,NaN
17,5,0.6,right,\LEFT,12,167,0.6,23437.0601323687,NaN,NaN
17,5,0.6,right,\LEFT,12,168,0.6,23437.1551426624,NaN,NaN
17,5,0.6,right,\LEFT,12,169,0.6,23437.250152956,NaN,NaN
17,5,0.6,right,\LEFT,12,170,0.6,23437.3451632497,NaN,NaN
17,5,0.6,right,\LEFT,12,171,0.6,23437.4401735434,NaN,NaN
17,5,0.6,right,\LEFT,12,172,0.6,23437.535183837,NaN,NaN
17,5,0.6,right,\LEFT,12,173,0.6,23437.6301941307,NaN,NaN
17,5,0.6,right,\LEFT,12,174,0.6,23437.7252044244,NaN,NaN
17,5,0.6,right,\LEFT,12,175,0.6,23437.820214718,NaN,NaN
17,5,0.6,right,\LEFT,12,176,0.6,23437.9152250117,NaN,NaN
17,5,0.6,right,\LEFT,12,177,0.6,23438.0102353053,NaN,NaN
17,5,0.6,right,\LEFT,12,178,0.6,23438.105245599,NaN,NaN
17,5,0.6,right,\LEFT,12,179,0.6,23438.2002558927,NaN,NaN
17,5,0.6,right,\LEFT,12,180,0.6,23438.2952661863,NaN,NaN
17,5,0.6,right,\LEFT,12,181,0.6,23438.39027648,NaN,NaN
17,5,0.6,right,\LEFT,12,182,0.6,23438.4852867737,NaN,NaN
17,5,0.6,right,\LEFT,12,183,0.6,23438.5802970673,NaN,NaN
17,5,0.6,right,\LEFT,12,184,0.6,23438.675307361,NaN,NaN
17,5,0.6,right,\LEFT,12,185,0.6,23438.7703176546,NaN,NaN
17,5,0.6,right,\LEFT,12,186,0.6,23438.8653279483,NaN,NaN
17,5,0.6,right,\LEFT,12,187,0.6,23438.960338242,NaN,NaN
17,5,0.6,right,\LEFT,12,188,0.6,23439.0553485356,NaN,NaN
17,5,0.6,right,\LEFT,12,189,0.6,23439.1503588293,NaN,NaN
17,5,0.6,right,\LEFT,12,190,0.6,23439.245369123,NaN,NaN
17,5,0.6,right,\LEFT,12,191,0.6,23439.3403794166,NaN,NaN
17,5,0.6,right,\LEFT,12,192,0.6,23439.4353897103,NaN,NaN
17,5,0.6,right,\LEFT,12,193,0.6,23439.530400004,NaN,NaN
17,5,0.6,right,\LEFT,12,194,0.6,23439.6254102976,NaN,NaN
17,5,0.6,right,\LEFT,12,195,0.6,23439.7204205913,NaN,NaN
17,5,0.6,right,\LEFT,12,196,0.6,23439.8154308849,NaN,NaN
17,5,0.6,right,\LEFT,12,197,0.6,23439.9104411786,NaN,NaN
17,5,0.6,right,\LEFT,12,198,0.6,23440.0054514723,NaN,NaN
17,5,0.6,right,\LEFT,12,199,0.6,23440.1004617659,NaN,NaN
17,5,0.6,right,\LEFT,12,200,0.6,23440.1954720596,NaN,NaN
17,5,0.6,right,\LEFT,12,201,0.6,23440.2904823533,NaN,NaN
17,5,0.6,right,\LEFT,12,202,0.6,23440.3854926469,NaN,NaN
17,6,0.6,right,\RIGHT,13,1,0,23426.8820987602,23426.8820987602,-0.000446181253209943
17,6,0.6,right,\RIGHT,13,2,0,23426.9771090539,23426.9021402232,0.00956307970409398
17,6,0.6,right,\RIGHT,13,3,0,23427.0721193475,23426.982150921,-0.000323574229696533
17,6,0.6,right,\RIGHT,13,4,0,23427.1671296412,23427.0822236081,-0.000220410318434006
17,6,0.6,right,\RIGHT,13,5,0,23427.2621399349,23427.1722782803,-0.000259012445894768
17,6,0.6,right,\RIGHT,13,6,0,23427.3571502285,23427.2723177632,-0.000253614536632085
17,6,0.6,right,\RIGHT,13,7,0.015,23427.4521605222,23427.3623730391,-0.000258408730587689
17,6,0.6,right,\RIGHT,13,8,0.03,23427.5471708159,23427.4624478392,0.00976111534691881
17,6,0.6,right,\RIGHT,13,9,0.045,23427.6421811095,23427.5525091523,-0.000252371599344769
17,6,0.6,right,\RIGHT,13,10,0.06,23427.7371914032,23427.6525788208,0.00975598378863651
17,6,0.6,right,\RIGHT,13,11,0.075,23427.8322016968,23427.7426090427,-0.000283462824882008
17,6,0.6,right,\RIGHT,13,12,0.09,23427.9272119905,23427.8427107079,0.00978798057985841
17,6,0.6,right,\RIGHT,13,13,0.105,23428.0222222842,23427.9327433447,-0.000281047970929649
17,6,0.6,right,\RIGHT,13,14,0.12,23428.1172325778,23428.0328416895,0.00978466016022139
17,6,0.6,right,\RIGHT,13,15,0.135,23428.2122428715,23428.1229008896,-0.000254484599281568
17,6,0.6,right,\RIGHT,13,16,0.15,23428.3072531652,23428.2229747841,0.00976020978123415
17,6,0.6,right,\RIGHT,13,17,0.165,23428.4022634588,23428.3130152691,-0.000273199701041449
17,6,0.6,right,\RIGHT,13,18,0.18,23428.4972737525,23428.4130879562,0.00975900235425797
17,6,0.6,right,\RIGHT,13,19,0.195,23428.5922840462,23428.5031221022,-0.000279538689937908
17,6,0.6,right,\RIGHT,13,20,0.21,23428.6872943398,23428.6031851298,0.00974934294208651
17,6,0.6,right,\RIGHT,13,21,0.225,23428.7823046335,23428.693263045,-0.00023576949024573
17,6,0.6,right,\RIGHT,13,22,0.24,23428.8773149271,23428.7830372926,-0.000539437169209123
17,6,0.6,right,\RIGHT,13,23,0.255,23428.9723252208,23428.8833852728,5.4882842960069e-05
17,6,0.6,right,\RIGHT,13,24,0.27,23429.0673355145,23428.9734411525,-0.000257805018918589
17,6,0.6,right,\RIGHT,13,25,0.285,23429.1623458081,23429.0735241026,-0.000210147194593446
17,6,0.6,right,\RIGHT,13,26,0.3,23429.2573561018,23429.1635896417,-0.000248145610385109
17,6,0.6,right,\RIGHT,13,27,0.315,23429.3523663955,23429.2636596121,-0.000223127026401926
17,6,0.6,right,\RIGHT,13,28,0.33,23429.4473766891,23429.353714888,-0.000258408734225668
17,6,0.6,right,\RIGHT,13,29,0.345,23429.5423869828,23429.4537779157,-0.000230069726967486
17,6,0.6,right,\RIGHT,13,30,0.36,23429.6373972764,23429.5438356065,-0.000255993880273309
17,6,0.6,right,\RIGHT,13,31,0.375,23429.7324075701,23429.643896823,-0.000231880865612766
17,6,0.6,right,\RIGHT,13,32,0.39,23429.8274178638,23429.7339593435,-0.000251164176006569
17,6,0.6,right,\RIGHT,13,33,0.405,23429.9224281574,23429.8340193526,-0.000233088292588945
17,6,0.6,right,\RIGHT,13,34,0.42,23430.0174384511,23429.9340564206,0.00972338328210753
17,6,0.6,right,\RIGHT,13,35,0.435,23430.1124487448,23430.0241461082,-0.000223997089051409
17,6,0.6,right,\RIGHT,13,36,0.45,23430.2074590384,23430.1141938378,-0.000265955142822349
17,6,0.6,right,\RIGHT,13,37,0.465,23430.3024693321,23430.2142456967,-0.000241238420130685
17,6,0.6,right,\RIGHT,13,38,0.48,23430.3974796258,23430.3043290454,-0.000230336074309889
17,6,0.6,right,\RIGHT,13,39,0.495,23430.4924899194,23430.4043706412,-0.000251501543971244
17,6,0.6,right,\RIGHT,13,40,0.51,23430.5875002131,23430.4944597251,-0.00022460079708253
17,6,0.6,right,\RIGHT,13,41,0.525,23430.6825105067,23430.5945218472,-0.000230975299928105
17,6,0.6,right,\RIGHT,13,42,0.54,23430.7775208004,23430.6845840658,-0.000251466030022129
17,6,0.6,right,\RIGHT,13,43,0.555,23430.8725310941,23430.7846546399,-0.000222523314732825
17,6,0.6,right,\RIGHT,13,44,0.57,23430.9675413877,23430.8746939175,-0.000274407128017629
17,6,0.6,right,\RIGHT,13,45,0.585,23431.0625516814,23430.9747919605,-0.000195054370124126
17,6,0.6,right,\RIGHT,13,46,0.6,23431.1575619751,23431.0648273139,-0.000278331262961729
17,6,0.6,right,\RIGHT,13,47,0.6,23431.2525722687,23431.1648752487,-0.000245162555074785
17,6,0.6,right,\RIGHT,13,48,0.6,23431.3475825624,23431.2549223746,-0.000266558858129429
17,6,0.6,right,\RIGHT,13,49,0.6,23431.442592856,23431.3549932505,-0.000222221460717265
17,6,0.6,right,\RIGHT,13,50,0.6,23431.5376031497,23431.445051545,-0.000255390164966229
17,6,0.6,right,\RIGHT,13,51,0.6,23431.6326134434,23431.545078048,-0.000266594368440565
17,6,0.6,right,\RIGHT,13,52,0.6,23431.727623737,23431.6352178438,-0.000173888900462771
17,6,0.6,right,\RIGHT,13,53,0.6,23431.8226340307,23431.735244045,-0.000266896226094104
17,6,0.6,right,\RIGHT,13,54,0.6,23431.9176443244,23431.8253171305,-0.000240599198150449
17,6,0.6,right,\RIGHT,13,55,0.6,23432.012654618,23431.925422418,-0.000187809811905026
17,6,0.6,right,\RIGHT,13,56,0.6,23432.1076649117,23432.0254646176,0.00972851484402781
17,6,0.6,right,\RIGHT,13,57,0.6,23432.2026752054,23432.115518988,-0.000259314303548308
17,6,0.6,right,\RIGHT,13,58,0.6,23432.297685499,23432.2055793955,-0.00025327716866741
17,6,0.6,right,\RIGHT,13,59,0.6,23432.3926957927,23432.305651177,-0.000221315891394624
17,6,0.6,right,\RIGHT,13,60,0.6,23432.4877060863,23432.395700114,-0.00026474771584617
17,6,0.6,right,\RIGHT,13,61,0.6,23432.58271638,23432.4957909124,-0.000202298928343225
17,6,0.6,right,\RIGHT,13,62,0.6,23432.6777266737,23432.5858642998,-0.000240297340496909
17,6,0.6,right,\RIGHT,13,63,0.6,23432.7727369673,23432.6858956325,-0.000261764664173825
17,6,0.6,right,\RIGHT,13,64,0.6,23432.867747261,23432.7759125727,-0.000296744510706048
17,6,0.6,right,\RIGHT,13,65,0.6,23432.9627575547,23432.8760160491,-0.000189620954188285
17,6,0.6,right,\RIGHT,13,66,0.6,23433.0577678483,23432.9660722306,-0.000257503161265049
17,6,0.6,right,\RIGHT,13,67,0.6,23433.152778142,23433.0660972244,-0.000268103653070284
17,6,0.6,right,\RIGHT,13,68,0.6,23433.2477884356,23433.1561802711,-0.00023063792832545
17,6,0.6,right,\RIGHT,13,69,0.6,23433.3427987293,23433.2562466192,-0.000226749307330465
17,6,0.6,right,\RIGHT,13,70,0.6,23433.437809023,23433.346327553,-0.00023275092462427
17,6,0.6,right,\RIGHT,13,71,0.6,23433.5328193166,23433.4463827324,-0.000237918000493664
17,6,0.6,right,\RIGHT,13,72,0.6,23433.6278296103,23433.5364361972,-0.000260219869232969
17,6,0.6,right,\RIGHT,13,73,0.6,23433.722839904,23433.6365167325,-0.000212562048545806
17,6,0.6,right,\RIGHT,13,74,0.6,23433.8178501976,23433.7265481618,-0.000282255397905828
17,6,0.6,right,\RIGHT,13,75,0.6,23433.9128604913,23433.826614208,-0.000227051164984005
17,6,0.6,right,\RIGHT,13,76,0.6,23434.0078707849,23433.9166918214,-0.000236071347899269
17,6,0.6,right,\RIGHT,13,77,0.6,23434.1028810786,23434.0167747716,-0.000210147198231425
17,6,0.6,right,\RIGHT,13,78,0.6,23434.1978913723,23434.1068200863,-0.000268369996774709
17,6,0.6,right,\RIGHT,13,79,0.6,23434.2929016659,23434.20689549,-0.000217693610466085
17,6,0.6,right,\RIGHT,13,80,0.6,23434.3879119596,23434.2969525771,-0.000256597591942409
17,6,0.6,right,\RIGHT,13,81,0.6,23434.4829222533,23434.396989947,-0.000255727532930905
17,6,0.6,right,\RIGHT,13,82,0.6,23434.5779325469,23434.4870449211,-0.000258710588241229
17,6,0.6,right,\RIGHT,13,83,0.6,23434.6729428406,23434.5871417567,-0.000196261797100306
17,6,0.6,right,\RIGHT,13,84,0.6,23434.7679531343,23434.6771973345,-0.00025810687293415
17,6,0.6,right,\RIGHT,13,85,0.6,23434.8629634279,23434.7772407415,-0.000249690405325964
17,6,0.6,right,\RIGHT,13,86,0.6,23434.9579737216,23434.8672809246,-0.000273501558694988
17,6,0.6,right,\RIGHT,13,87,0.6,23435.0529840152,23434.9673677989,-0.000206223059649346
17,6,0.6,right,\RIGHT,13,88,0.6,23435.1479943089,23435.057443903,-0.000237580632528989
17,6,0.6,right,\RIGHT,13,89,0.6,23435.2430046026,23435.1575383237,-0.000198676647414686
17,6,0.6,right,\RIGHT,13,90,0.6,23435.3380148962,23435.247573979,-0.000278029408946168
17,6,0.6,right,\RIGHT,13,91,0.6,23435.4330251899,23435.3476478735,-0.000219202891457826
17,6,0.6,right,\RIGHT,13,92,0.6,23435.5280354836,23435.4376838306,-0.000277727551292628
17,6,0.6,right,\RIGHT,13,93,0.6,23435.6230457772,23435.5377426323,-0.000234295719565125
17,6,0.6,right,\RIGHT,13,94,0.6,23435.7180560709,23435.627796399,-0.000259918015217409
17,6,0.6,right,\RIGHT,13,95,0.6,23435.8130663645,23435.7279004791,-0.000189017238881206
17,6,0.6,right,\RIGHT,13,96,0.6,23435.9080766582,23435.8179666219,-0.000247541895078029
17,6,0.6,right,\RIGHT,13,97,0.6,23436.0030869519,23435.9180211976,-0.000238521712162765
17,6,0.6,right,\RIGHT,13,98,0.6,23436.0980972455,23436.0080806995,-0.00025418273799005
17,6,0.6,right,\RIGHT,13,99,0.6,23436.1931075392,23436.1081135415,-0.000260255383182084
17,6,0.6,right,\RIGHT,13,100,0.6,23436.2881178329,23436.1982062477,-0.00022097851979197
17,6,0.6,right,\RIGHT,13,101,0.6,23436.3831281265,23436.2982544844,-0.000244860701059224
17,6,0.6,right,\RIGHT,13,102,0.6,23436.4781384202,23436.3882838007,-0.000284368394204648
17,6,0.6,right,\RIGHT,13,103,0.6,23436.5731487139,23436.488389692,-0.000187206100235926
17,6,0.6,right,\RIGHT,13,104,0.6,23436.6681590075,23436.5784353085,-0.000268068139121169
17,6,0.6,right,\RIGHT,13,105,0.6,23436.7631693012,NaN,NaN
17,6,0.6,right,\RIGHT,13,106,0.6,23436.8581795948,NaN,NaN
17,6,0.6,right,\RIGHT,13,107,0.6,23436.9531898885,NaN,NaN
17,6,0.6,right,\RIGHT,13,108,0.6,23437.0482001822,NaN,NaN
17,6,0.6,right,\RIGHT,13,109,0.6,23437.1432104758,NaN,NaN
17,6,0.6,right,\RIGHT,13,110,0.6,23437.2382207695,NaN,NaN
17,6,0.6,right,\RIGHT,13,111,0.6,23437.3332310632,NaN,NaN
17,6,0.6,right,\RIGHT,13,112,0.6,23437.4282413568,NaN,NaN
17,6,0.6,right,\RIGHT,13,113,0.6,23437.5232516505,NaN,NaN
17,6,0.6,right,\RIGHT,13,114,0.6,23437.6182619441,NaN,NaN
17,6,0.6,right,\RIGHT,13,115,0.6,23437.7132722378,NaN,NaN
17,6,0.6,right,\RIGHT,13,116,0.6,23437.8082825315,NaN,NaN
17,6,0.6,right,\RIGHT,13,117,0.6,23437.9032928251,NaN,NaN
17,6,0.6,right,\RIGHT,13,118,0.6,23437.9983031188,NaN,NaN
17,6,0.6,right,\RIGHT,13,119,0.6,23438.0933134125,NaN,NaN
17,6,0.6,right,\RIGHT,13,120,0.6,23438.1883237061,NaN,NaN
17,6,0.6,right,\RIGHT,13,121,0.6,23438.2833339998,NaN,NaN
17,6,0.6,right,\RIGHT,13,122,0.6,23438.3783442934,NaN,NaN
17,6,0.6,right,\RIGHT,13,123,0.6,23438.4733545871,NaN,NaN
17,6,0.6,right,\RIGHT,13,124,0.6,23438.5683648808,NaN,NaN
17,6,0.6,right,\RIGHT,13,125,0.6,23438.6633751744,NaN,NaN
17,6,0.6,right,\RIGHT,13,126,0.6,23438.7583854681,NaN,NaN
17,6,0.6,right,\RIGHT,13,127,0.6,23438.8533957618,NaN,NaN
17,6,0.6,right,\RIGHT,13,128,0.6,23438.9484060554,NaN,NaN
17,6,0.6,right,\RIGHT,13,129,0.6,23439.0434163491,NaN,NaN
17,6,0.6,right,\RIGHT,13,130,0.6,23439.1384266428,NaN,NaN
17,6,0.6,right,\RIGHT,13,131,0.6,23439.2334369364,NaN,NaN
17,6,0.6,right,\RIGHT,13,132,0.6,23439.3284472301,NaN,NaN
17,6,0.6,right,\RIGHT,13,133,0.6,23439.4234575237,NaN,NaN
17,6,0.6,right,\RIGHT,13,134,0.6,23439.5184678174,NaN,NaN
17,6,0.6,right,\RIGHT,13,135,0.6,23439.6134781111,NaN,NaN
17,6,0.6,right,\RIGHT,13,136,0.6,23439.7084884047,NaN,NaN
17,6,0.6,right,\RIGHT,13,137,0.6,23439.8034986984,NaN,NaN
17,6,0.6,right,\RIGHT,13,138,0.6,23439.8985089921,NaN,NaN
17,6,0.6,right,\RIGHT,13,139,0.6,23439.9935192857,NaN,NaN
17,6,0.6,right,\RIGHT,13,140,0.6,23440.0885295794,NaN,NaN
17,6,0.6,right,\RIGHT,13,141,0.6,23440.183539873,NaN,NaN
17,6,0.6,right,\RIGHT,13,142,0.6,23440.2785501667,NaN,NaN
17,6,0.6,right,\RIGHT,13,143,0.6,23440.3735604604,NaN,NaN
17,6,0.6,right,\RIGHT,13,144,0.6,23440.468570754,NaN,NaN
17,6,0.6,right,\RIGHT,13,145,0.6,23440.5635810477,NaN,NaN
17,6,0.6,right,\RIGHT,13,146,0.6,23440.6585913414,NaN,NaN
17,6,0.6,right,\RIGHT,13,147,0.6,23440.753601635,NaN,NaN
17,6,0.6,right,\RIGHT,13,148,0.6,23440.8486119287,NaN,NaN
17,6,0.6,right,\RIGHT,13,149,0.6,23440.9436222224,NaN,NaN
17,6,0.6,right,\RIGHT,13,150,0.6,23441.038632516,NaN,NaN
17,6,0.6,right,\RIGHT,13,151,0.6,23441.1336428097,NaN,NaN
17,6,0.6,right,\RIGHT,13,152,0.6,23441.2286531033,NaN,NaN
17,6,0.6,right,\RIGHT,13,153,0.6,23441.323663397,NaN,NaN
17,6,0.6,right,\RIGHT,13,154,0.6,23441.4186736907,NaN,NaN
17,6,0.6,right,\RIGHT,13,155,0.6,23441.5136839843,NaN,NaN
17,6,0.6,right,\RIGHT,13,156,0.6,23441.608694278,NaN,NaN
17,6,0.6,right,\RIGHT,13,157,0.6,23441.7037045717,NaN,NaN
17,6,0.6,right,\RIGHT,13,158,0.6,23441.7987148653,NaN,NaN
17,6,0.6,right,\RIGHT,13,159,0.6,23441.893725159,NaN,NaN
17,6,0.6,right,\RIGHT,13,160,0.6,23441.9887354526,NaN,NaN
17,6,0.6,right,\RIGHT,13,161,0.6,23442.0837457463,NaN,NaN
17,6,0.6,right,\RIGHT,13,162,0.6,23442.17875604,NaN,NaN
17,6,0.6,right,\RIGHT,13,163,0.6,23442.2737663336,NaN,NaN
17,6,0.6,right,\RIGHT,13,164,0.6,23442.3687766273,NaN,NaN
17,6,0.6,right,\RIGHT,13,165,0.6,23442.463786921,NaN,NaN
17,6,0.6,right,\RIGHT,13,166,0.6,23442.5587972146,NaN,NaN
17,6,0.6,right,\RIGHT,13,167,0.6,23442.6538075083,NaN,NaN
17,6,0.6,right,\RIGHT,13,168,0.6,23442.748817802,NaN,NaN
17,6,0.6,right,\RIGHT,13,169,0.6,23442.8438280956,NaN,NaN
17,6,0.6,right,\RIGHT,13,170,0.6,23442.9388383893,NaN,NaN
17,6,0.6,right,\RIGHT,13,171,0.6,23443.0338486829,NaN,NaN
17,6,0.6,right,\RIGHT,13,172,0.6,23443.1288589766,NaN,NaN
17,6,0.6,right,\RIGHT,13,173,0.6,23443.2238692703,NaN,NaN
17,6,0.6,right,\RIGHT,13,174,0.6,23443.3188795639,NaN,NaN
17,6,0.6,right,\RIGHT,13,175,0.6,23443.4138898576,NaN,NaN
17,6,0.6,right,\RIGHT,13,176,0.6,23443.5089001513,NaN,NaN
17,6,0.6,right,\RIGHT,13,177,0.6,23443.6039104449,NaN,NaN
17,6,0.6,right,\RIGHT,13,178,0.6,23443.6989207386,NaN,NaN
17,6,0.6,right,\RIGHT,13,179,0.6,23443.7939310322,NaN,NaN
17,6,0.6,right,\RIGHT,13,180,0.6,23443.8889413259,NaN,NaN
17,6,0.6,right,\RIGHT,13,181,0.6,23443.9839516196,NaN,NaN
17,6,0.6,right,\RIGHT,13,182,0.6,23444.0789619132,NaN,NaN
17,6,0.6,right,\RIGHT,13,183,0.6,23444.1739722069,NaN,NaN
17,6,0.6,right,\RIGHT,13,184,0.6,23444.2689825006,NaN,NaN
17,6,0.6,right,\RIGHT,13,185,0.6,23444.3639927942,NaN,NaN
17,6,0.6,right,\RIGHT,13,186,0.6,23444.4590030879,NaN,NaN
17,6,0.6,right,\RIGHT,13,187,0.6,23444.5540133815,NaN,NaN
17,6,0.6,right,\RIGHT,13,188,0.6,23444.6490236752,NaN,NaN
17,6,0.6,right,\RIGHT,13,189,0.6,23444.7440339689,NaN,NaN
17,6,0.6,right,\RIGHT,13,190,0.6,23444.8390442625,NaN,NaN
17,6,0.6,right,\RIGHT,13,191,0.6,23444.9340545562,NaN,NaN
17,6,0.6,right,\RIGHT,13,192,0.6,23445.0290648499,NaN,NaN
17,6,0.6,right,\RIGHT,13,193,0.6,23445.1240751435,NaN,NaN
17,6,0.6,right,\RIGHT,13,194,0.6,23445.2190854372,NaN,NaN
17,6,0.6,right,\RIGHT,13,195,0.6,23445.3140957309,NaN,NaN
17,6,0.6,right,\RIGHT,13,196,0.6,23445.4091060245,NaN,NaN
17,6,0.6,right,\RIGHT,13,197,0.6,23445.5041163182,NaN,NaN
17,6,0.6,right,\RIGHT,13,198,0.6,23445.5991266118,NaN,NaN
17,6,0.6,right,\RIGHT,13,199,0.6,23445.6941369055,NaN,NaN
17,6,0.6,right,\RIGHT,13,200,0.6,23445.7891471992,NaN,NaN
17,6,0.6,right,\RIGHT,13,201,0.6,23445.8841574928,NaN,NaN
17,6,0.6,right,\RIGHT,13,202,0.6,23445.9791677865,NaN,NaN
17,7,0.6,left,\LEFT,14,1,0,23438.0694110054,23438.0694110054,-0.000492969018523581
17,7,0.6,left,\LEFT,14,2,0,23438.1644212991,23438.099435166,0.0195457772897498
17,7,0.6,left,\LEFT,14,3,0,23438.2594315928,23438.1694580347,-0.000331990700942697
17,7,0.6,left,\LEFT,14,4,0,23438.3544418864,23438.2695361552,-0.000214976898860186
17,7,0.6,left,\LEFT,14,5,0,23438.4494521801,23438.3595905256,-0.000259314303548308
17,7,0.6,left,\LEFT,14,6,0,23438.5444624738,23438.4596900779,-0.000193545085494407
17,7,0.6,left,\LEFT,14,7,0,23438.6394727674,23438.5497504854,-0.000253277172305388
17,7,0.6,left,\LEFT,14,8,0.015,23438.7344830611,23438.6498029481,0.00973877796423039
17,7,0.6,left,\LEFT,14,9,0.03,23438.8294933548,23438.7398639593,-0.000252673456998309
17,7,0.6,left,\LEFT,14,10,0.045,23438.9245036484,23438.8399224591,0.00974481509911129
17,7,0.6,left,\LEFT,14,11,0.06,23439.0195139421,23438.9299867908,-0.000249353037361288
17,7,0.6,left,\LEFT,14,12,0.075,23439.1145242357,23439.0300778911,0.00977741560200229
17,7,0.6,left,\LEFT,14,13,0.09,23439.2095345294,23439.1201232058,-0.000268369996774709
17,7,0.6,left,\LEFT,14,14,0.105,23439.3045448231,23439.2201690276,0.00973213712131837
17,7,0.6,left,\LEFT,14,15,0.12,23439.3995551167,23439.3102369815,-0.000245730756432749
17,7,0.6,left,\LEFT,14,16,0.135,23439.4945654104,23439.4102837089,0.00973304269064101
17,7,0.6,left,\LEFT,14,17,0.15,23439.5895757041,23439.5003601148,-0.000237278774875449
17,7,0.6,left,\LEFT,14,18,0.165,23439.6845859977,23439.6003829956,0.00970919602696085
17,7,0.6,left,\LEFT,14,19,0.18,23439.7795962914,23439.6904675516,-0.00022912864733371
17,7,0.6,left,\LEFT,14,20,0.195,23439.874606585,23439.7905523129,0.00977107661310583
17,7,0.6,left,\LEFT,14,21,0.21,23439.9696168787,23439.880619965,-0.000246032614086289
17,7,0.6,left,\LEFT,14,22,0.225,23440.0646271724,23439.9806522033,0.00971855357784079
17,7,0.6,left,\LEFT,14,23,0.24,23440.159637466,23440.070699631,-0.000266257000475889
17,7,0.6,left,\LEFT,14,24,0.255,23440.2546477597,23440.1607651701,-0.000248145610385109
17,7,0.6,left,\LEFT,14,25,0.27,23440.3496580534,23440.26083182,-0.000226447449676925
17,7,0.6,left,\LEFT,14,26,0.285,23440.444668347,23440.3508898127,-0.000255692022619769
17,7,0.6,left,\LEFT,14,27,0.3,23440.5396786407,23440.4509905724,-0.000192337662156206
17,7,0.6,left,\LEFT,14,28,0.315,23440.6346889344,23440.5409984569,-0.000305800207570428
17,7,0.6,left,\LEFT,14,29,0.33,23440.729699228,23440.6411233651,-0.000168189137184527
17,7,0.6,left,\LEFT,14,30,0.345,23440.8247095217,23440.7311427202,-0.000294329660391668
17,7,0.6,left,\LEFT,14,31,0.36,23440.9197198153,23440.831243178,-0.000192639516171766
17,7,0.6,left,\LEFT,14,32,0.375,23441.014730109,23440.9213072079,-0.000249654891376849
17,7,0.6,left,\LEFT,14,33,0.39,23441.1097404027,23441.0213542371,-0.000246068128035404
17,7,0.6,left,\LEFT,14,34,0.405,23441.2047506963,23441.1213668547,0.00969893290312029
17,7,0.6,left,\LEFT,14,35,0.42,23441.29976099,23441.2114767667,-0.00020377269902383
17,7,0.6,left,\LEFT,14,36,0.435,23441.3947712837,23441.3015172517,-0.000273199701041449
17,7,0.6,left,\LEFT,14,37,0.45,23441.4897815773,23441.401604126,-0.000206223059649346
17,7,0.6,left,\LEFT,14,38,0.465,23441.584791871,23441.491657289,-0.000260521730524488
17,7,0.6,left,\LEFT,14,39,0.48,23441.6798021646,23441.5917031108,-0.000247275551373605
17,7,0.6,left,\LEFT,14,40,0.495,23441.7748124583,23441.681770461,-0.00024633446810185
17,7,0.6,left,\LEFT,14,41,0.51,23441.869822752,23441.7818630706,-0.000200487789697945
17,7,0.6,left,\LEFT,14,42,0.525,23441.9648330456,23441.8719201577,-0.000256597591942409
17,7,0.6,left,\LEFT,14,43,0.54,23442.0598433393,23441.9719922411,-0.000221014030103106
17,7,0.6,left,\LEFT,14,44,0.555,23442.154853633,23442.0620463096,-0.000259616157563869
17,7,0.6,left,\LEFT,14,45,0.57,23442.2498639266,23442.1621033001,-0.000236106861848384
17,7,0.6,left,\LEFT,14,46,0.585,23442.3448742203,23442.2521649151,-0.00025206974169123
17,7,0.6,left,\LEFT,14,47,0.6,23442.4398845139,23442.3522258297,-0.000232182726904284
17,7,0.6,left,\LEFT,14,48,0.6,23442.5348948076,23442.4422759742,-0.000263540292507969
17,7,0.6,left,\LEFT,14,49,0.6,23442.6299051013,23442.542355302,-0.000213769475521985
17,7,0.6,left,\LEFT,14,50,0.6,23442.7249153949,23442.6324217467,-0.00024724003742449
17,7,0.6,left,\LEFT,14,51,0.6,23442.8199256886,23442.7324802465,-0.000234597577218665
17,7,0.6,left,\LEFT,14,52,0.6,23442.9149359823,23442.8225421633,-0.000251767887675669
17,7,0.6,left,\LEFT,14,53,0.6,23443.0099462759,NaN,NaN
17,7,0.6,left,\LEFT,14,54,0.6,23443.1049565696,NaN,NaN
17,7,0.6,left,\LEFT,14,55,0.6,23443.1999668633,NaN,NaN
17,7,0.6,left,\LEFT,14,56,0.6,23443.2949771569,NaN,NaN
17,7,0.6,left,\LEFT,14,57,0.6,23443.3899874506,NaN,NaN
17,7,0.6,left,\LEFT,14,58,0.6,23443.4849977442,NaN,NaN
17,7,0.6,left,\LEFT,14,59,0.6,23443.5800080379,NaN,NaN
17,7,0.6,left,\LEFT,14,60,0.6,23443.6750183316,NaN,NaN
17,7,0.6,left,\LEFT,14,61,0.6,23443.7700286252,NaN,NaN
17,7,0.6,left,\LEFT,14,62,0.6,23443.8650389189,NaN,NaN
17,7,0.6,left,\LEFT,14,63,0.6,23443.9600492126,NaN,NaN
17,7,0.6,left,\LEFT,14,64,0.6,23444.0550595062,NaN,NaN
17,7,0.6,left,\LEFT,14,65,0.6,23444.1500697999,NaN,NaN
17,7,0.6,left,\LEFT,14,66,0.6,23444.2450800935,NaN,NaN
17,7,0.6,left,\LEFT,14,67,0.6,23444.3400903872,NaN,NaN
17,7,0.6,left,\LEFT,14,68,0.6,23444.4351006809,NaN,NaN
17,7,0.6,left,\LEFT,14,69,0.6,23444.5301109745,NaN,NaN
17,7,0.6,left,\LEFT,14,70,0.6,23444.6251212682,NaN,NaN
17,7,0.6,left,\LEFT,14,71,0.6,23444.7201315619,NaN,NaN
17,7,0.6,left,\LEFT,14,72,0.6,23444.8151418555,NaN,NaN
17,7,0.6,left,\LEFT,14,73,0.6,23444.9101521492,NaN,NaN
17,7,0.6,left,\LEFT,14,74,0.6,23445.0051624429,NaN,NaN
17,7,0.6,left,\LEFT,14,75,0.6,23445.1001727365,NaN,NaN
17,7,0.6,left,\LEFT,14,76,0.6,23445.1951830302,NaN,NaN
17,7,0.6,left,\LEFT,14,77,0.6,23445.2901933238,NaN,NaN
17,7,0.6,left,\LEFT,14,78,0.6,23445.3852036175,NaN,NaN
17,7,0.6,left,\LEFT,14,79,0.6,23445.4802139112,NaN,NaN
17,7,0.6,left,\LEFT,14,80,0.6,23445.5752242048,NaN,NaN
17,7,0.6,left,\LEFT,14,81,0.6,23445.6702344985,NaN,NaN
17,7,0.6,left,\LEFT,14,82,0.6,23445.7652447922,NaN,NaN
17,7,0.6,left,\LEFT,14,83,0.6,23445.8602550858,NaN,NaN
17,7,0.6,left,\LEFT,14,84,0.6,23445.9552653795,NaN,NaN
17,7,0.6,left,\LEFT,14,85,0.6,23446.0502756731,NaN,NaN
17,7,0.6,left,\LEFT,14,86,0.6,23446.1452859668,NaN,NaN
17,7,0.6,left,\LEFT,14,87,0.6,23446.2402962605,NaN,NaN
17,7,0.6,left,\LEFT,14,88,0.6,23446.3353065541,NaN,NaN
17,7,0.6,left,\LEFT,14,89,0.6,23446.4303168478,NaN,NaN
17,7,0.6,left,\LEFT,14,90,0.6,23446.5253271415,NaN,NaN
17,7,0.6,left,\LEFT,14,91,0.6,23446.6203374351,NaN,NaN
17,7,0.6,left,\LEFT,14,92,0.6,23446.7153477288,NaN,NaN
17,7,0.6,left,\LEFT,14,93,0.6,23446.8103580224,NaN,NaN
17,7,0.6,left,\LEFT,14,94,0.6,23446.9053683161,NaN,NaN
17,7,0.6,left,\LEFT,14,95,0.6,23447.0003786098,NaN,NaN
17,7,0.6,left,\LEFT,14,96,0.6,23447.0953889034,NaN,NaN
17,7,0.6,left,\LEFT,14,97,0.6,23447.1903991971,NaN,NaN
17,7,0.6,left,\LEFT,14,98,0.6,23447.2854094908,NaN,NaN
17,7,0.6,left,\LEFT,14,99,0.6,23447.3804197844,NaN,NaN
17,7,0.6,left,\LEFT,14,100,0.6,23447.4754300781,NaN,NaN
17,7,0.6,left,\LEFT,14,101,0.6,23447.5704403718,NaN,NaN
17,7,0.6,left,\LEFT,14,102,0.6,23447.6654506654,NaN,NaN
17,7,0.6,left,\LEFT,14,103,0.6,23447.7604609591,NaN,NaN
17,7,0.6,left,\LEFT,14,104,0.6,23447.8554712527,NaN,NaN
17,7,0.6,left,\LEFT,14,105,0.6,23447.9504815464,NaN,NaN
17,7,0.6,left,\LEFT,14,106,0.6,23448.0454918401,NaN,NaN
17,7,0.6,left,\LEFT,14,107,0.6,23448.1405021337,NaN,NaN
17,7,0.6,left,\LEFT,14,108,0.6,23448.2355124274,NaN,NaN
17,7,0.6,left,\LEFT,14,109,0.6,23448.3305227211,NaN,NaN
17,7,0.6,left,\LEFT,14,110,0.6,23448.4255330147,NaN,NaN
17,7,0.6,left,\LEFT,14,111,0.6,23448.5205433084,NaN,NaN
17,7,0.6,left,\LEFT,14,112,0.6,23448.615553602,NaN,NaN
17,7,0.6,left,\LEFT,14,113,0.6,23448.7105638957,NaN,NaN
17,7,0.6,left,\LEFT,14,114,0.6,23448.8055741894,NaN,NaN
17,7,0.6,left,\LEFT,14,115,0.6,23448.900584483,NaN,NaN
17,7,0.6,left,\LEFT,14,116,0.6,23448.9955947767,NaN,NaN
17,7,0.6,left,\LEFT,14,117,0.6,23449.0906050704,NaN,NaN
17,7,0.6,left,\LEFT,14,118,0.6,23449.185615364,NaN,NaN
17,7,0.6,left,\LEFT,14,119,0.6,23449.2806256577,NaN,NaN
17,7,0.6,left,\LEFT,14,120,0.6,23449.3756359514,NaN,NaN
17,7,0.6,left,\LEFT,14,121,0.6,23449.470646245,NaN,NaN
17,7,0.6,left,\LEFT,14,122,0.6,23449.5656565387,NaN,NaN
17,7,0.6,left,\LEFT,14,123,0.6,23449.6606668323,NaN,NaN
17,7,0.6,left,\LEFT,14,124,0.6,23449.755677126,NaN,NaN
17,7,0.6,left,\LEFT,14,125,0.6,23449.8506874197,NaN,NaN
17,7,0.6,left,\LEFT,14,126,0.6,23449.9456977133,NaN,NaN
17,7,0.6,left,\LEFT,14,127,0.6,23450.040708007,NaN,NaN
17,7,0.6,left,\LEFT,14,128,0.6,23450.1357183007,NaN,NaN
17,7,0.6,left,\LEFT,14,129,0.6,23450.2307285943,NaN,NaN
17,7,0.6,left,\LEFT,14,130,0.6,23450.325738888,NaN,NaN
17,7,0.6,left,\LEFT,14,131,0.6,23450.4207491816,NaN,NaN
17,7,0.6,left,\LEFT,14,132,0.6,23450.5157594753,NaN,NaN
17,7,0.6,left,\LEFT,14,133,0.6,23450.610769769,NaN,NaN
17,7,0.6,left,\LEFT,14,134,0.6,23450.7057800626,NaN,NaN
17,7,0.6,left,\LEFT,14,135,0.6,23450.8007903563,NaN,NaN
17,7,0.6,left,\LEFT,14,136,0.6,23450.89580065,NaN,NaN
17,7,0.6,left,\LEFT,14,137,0.6,23450.9908109436,NaN,NaN
17,7,0.6,left,\LEFT,14,138,0.6,23451.0858212373,NaN,NaN
17,7,0.6,left,\LEFT,14,139,0.6,23451.180831531,NaN,NaN
17,7,0.6,left,\LEFT,14,140,0.6,23451.2758418246,NaN,NaN
17,7,0.6,left,\LEFT,14,141,0.6,23451.3708521183,NaN,NaN
17,7,0.6,left,\LEFT,14,142,0.6,23451.4658624119,NaN,NaN
17,7,0.6,left,\LEFT,14,143,0.6,23451.5608727056,NaN,NaN
17,7,0.6,left,\LEFT,14,144,0.6,23451.6558829993,NaN,NaN
17,7,0.6,left,\LEFT,14,145,0.6,23451.7508932929,NaN,NaN
17,7,0.6,left,\LEFT,14,146,0.6,23451.8459035866,NaN,NaN
17,7,0.6,left,\LEFT,14,147,0.6,23451.9409138803,NaN,NaN
17,7,0.6,left,\LEFT,14,148,0.6,23452.0359241739,NaN,NaN
17,7,0.6,left,\LEFT,14,149,0.6,23452.1309344676,NaN,NaN
17,7,0.6,left,\LEFT,14,150,0.6,23452.2259447612,NaN,NaN
17,7,0.6,left,\LEFT,14,151,0.6,23452.3209550549,NaN,NaN
17,7,0.6,left,\LEFT,14,152,0.6,23452.4159653486,NaN,NaN
17,7,0.6,left,\LEFT,14,153,0.6,23452.5109756422,NaN,NaN
17,7,0.6,left,\LEFT,14,154,0.6,23452.6059859359,NaN,NaN
17,7,0.6,left,\LEFT,14,155,0.6,23452.7009962296,NaN,NaN
17,7,0.6,left,\LEFT,14,156,0.6,23452.7960065232,NaN,NaN
17,7,0.6,left,\LEFT,14,157,0.6,23452.8910168169,NaN,NaN
17,7,0.6,left,\LEFT,14,158,0.6,23452.9860271106,NaN,NaN
17,7,0.6,left,\LEFT,14,159,0.6,23453.0810374042,NaN,NaN
17,7,0.6,left,\LEFT,14,160,0.6,23453.1760476979,NaN,NaN
17,7,0.6,left,\LEFT,14,161,0.6,23453.2710579915,NaN,NaN
17,7,0.6,left,\LEFT,14,162,0.6,23453.3660682852,NaN,NaN
17,7,0.6,left,\LEFT,14,163,0.6,23453.4610785789,NaN,NaN
17,7,0.6,left,\LEFT,14,164,0.6,23453.5560888725,NaN,NaN
17,7,0.6,left,\LEFT,14,165,0.6,23453.6510991662,NaN,NaN
17,7,0.6,left,\LEFT,14,166,0.6,23453.7461094599,NaN,NaN
17,7,0.6,left,\LEFT,14,167,0.6,23453.8411197535,NaN,NaN
17,7,0.6,left,\LEFT,14,168,0.6,23453.9361300472,NaN,NaN
17,7,0.6,left,\LEFT,14,169,0.6,23454.0311403408,NaN,NaN
17,7,0.6,left,\LEFT,14,170,0.6,23454.1261506345,NaN,NaN
17,7,0.6,left,\LEFT,14,171,0.6,23454.2211609282,NaN,NaN
17,7,0.6,left,\LEFT,14,172,0.6,23454.3161712218,NaN,NaN
17,7,0.6,left,\LEFT,14,173,0.6,23454.4111815155,NaN,NaN
17,7,0.6,left,\LEFT,14,174,0.6,23454.5061918092,NaN,NaN
17,7,0.6,left,\LEFT,14,175,0.6,23454.6012021028,NaN,NaN
17,7,0.6,left,\LEFT,14,176,0.6,23454.6962123965,NaN,NaN
17,7,0.6,left,\LEFT,14,177,0.6,23454.7912226902,NaN,NaN
17,7,0.6,left,\LEFT,14,178,0.6,23454.8862329838,NaN,NaN
17,7,0.6,left,\LEFT,14,179,0.6,23454.9812432775,NaN,NaN
17,7,0.6,left,\LEFT,14,180,0.6,23455.0762535711,NaN,NaN
17,7,0.6,left,\LEFT,14,181,0.6,23455.1712638648,NaN,NaN
17,7,0.6,left,\LEFT,14,182,0.6,23455.2662741585,NaN,NaN
17,7,0.6,left,\LEFT,14,183,0.6,23455.3612844521,NaN,NaN
17,7,0.6,left,\LEFT,14,184,0.6,23455.4562947458,NaN,NaN
17,7,0.6,left,\LEFT,14,185,0.6,23455.5513050395,NaN,NaN
17,7,0.6,left,\LEFT,14,186,0.6,23455.6463153331,NaN,NaN
17,7,0.6,left,\LEFT,14,187,0.6,23455.7413256268,NaN,NaN
17,7,0.6,left,\LEFT,14,188,0.6,23455.8363359204,NaN,NaN
17,7,0.6,left,\LEFT,14,189,0.6,23455.9313462141,NaN,NaN
17,7,0.6,left,\LEFT,14,190,0.6,23456.0263565078,NaN,NaN
17,7,0.6,left,\LEFT,14,191,0.6,23456.1213668014,NaN,NaN
17,7,0.6,left,\LEFT,14,192,0.6,23456.2163770951,NaN,NaN
17,7,0.6,left,\LEFT,14,193,0.6,23456.3113873888,NaN,NaN
17,7,0.6,left,\LEFT,14,194,0.6,23456.4063976824,NaN,NaN
17,7,0.6,left,\LEFT,14,195,0.6,23456.5014079761,NaN,NaN
17,7,0.6,left,\LEFT,14,196,0.6,23456.5964182697,NaN,NaN
17,7,0.6,left,\LEFT,14,197,0.6,23456.6914285634,NaN,NaN
17,7,0.6,left,\LEFT,14,198,0.6,23456.7864388571,NaN,NaN
17,7,0.6,left,\LEFT,14,199,0.6,23456.8814491507,NaN,NaN
17,7,0.6,left,\LEFT,14,200,0.6,23456.9764594444,NaN,NaN
17,7,0.6,left,\LEFT,14,201,0.6,23457.0714697381,NaN,NaN
17,7,0.6,left,\LEFT,14,202,0.6,23457.1664800317,NaN,NaN
17,1,0.6,left,\LEFT,15,1,0,23453.099252241,23453.099252241,-0.000525871379068121
17,1,0.6,left,\LEFT,15,2,0.015,23453.1942625346,23453.1292936074,0.019562983110518
17,1,0.6,left,\LEFT,15,3,0.03,23453.2892728283,23453.1993665842,-0.000281882515992038
17,1,0.6,left,\LEFT,15,4,0.045,23453.384283122,23453.2994045578,-0.000255123821261805
17,1,0.6,left,\LEFT,15,5,0.06,23453.4792934156,23453.3894776433,-0.00024059919451247
17,1,0.6,left,\LEFT,15,6,0.075,23453.5743037093,23453.489536445,-0.000234295719565125
17,1,0.6,left,\LEFT,15,7,0.09,23453.669314003,23453.5796001729,-0.000249956749030389
17,1,0.6,left,\LEFT,15,8,0.105,23453.7643242966,23453.6796613894,0.00974753180707921
17,1,0.6,left,\LEFT,15,9,0.12,23453.8593345903,23453.7697021763,-0.000272897847025888
17,1,0.6,left,\LEFT,15,10,0.135,23453.954344884,23453.8698077657,0.00979190471480251
17,1,0.6,left,\LEFT,15,11,0.15,23454.0493551776,23453.9598385913,-0.000282859109574929
17,1,0.6,left,\LEFT,15,12,0.165,23454.1443654713,23454.0599251637,0.00977288775538909
17,1,0.6,left,\LEFT,15,13,0.18,23454.2393757649,23454.149977723,-0.000261125442193588
17,1,0.6,left,\LEFT,15,14,0.195,23454.3343860586,23454.2500422599,0.00975085222671623
17,1,0.6,left,\LEFT,15,15,0.21,23454.4293963523,23454.3400939136,-0.000262031011516228
17,1,0.6,left,\LEFT,15,16,0.225,23454.5244066459,23454.4401439614,0.00973636311391601
17,1,0.6,left,\LEFT,15,17,0.24,23454.6194169396,23454.5302233859,-0.000234260209253989
17,1,0.6,left,\LEFT,15,18,0.255,23454.7144272333,23454.6302942618,0.00975719121561269
17,1,0.6,left,\LEFT,15,19,0.27,23454.8094375269,23454.7203649325,-0.000243014048464829
17,1,0.6,left,\LEFT,15,20,0.285,23454.9044478206,23454.8203911336,0.00971251644659787
17,1,0.6,left,\LEFT,15,21,0.3,23454.9994581142,23454.9104651247,-0.00023969362518983
17,1,0.6,left,\LEFT,15,22,0.315,23455.0944684079,23455.0001880566,-0.000590752781135961
17,1,0.6,left,\LEFT,15,23,0.33,23455.1894787016,23455.1006042564,0.000123102421639487
17,1,0.6,left,\LEFT,15,24,0.345,23455.2844889952,23455.1906634565,-0.000254484595643589
17,1,0.6,left,\LEFT,15,25,0.36,23455.3794992889,23455.2907403696,-0.000216184329474345
17,1,0.6,left,\LEFT,15,26,0.375,23455.4745095826,23455.3808034938,-0.000250560460699489
17,1,0.6,left,\LEFT,15,27,0.39,23455.5695198762,23455.4808345247,-0.000262066521827364
17,1,0.6,left,\LEFT,15,28,0.405,23455.6645301699,23455.5708354665,-0.000312742908135988
17,1,0.6,left,\LEFT,15,29,0.42,23455.7595404636,23455.6709434707,-0.000185093103937106
17,1,0.6,left,\LEFT,15,30,0.435,23455.8545507572,23455.7609969356,-0.000260219872870948
17,1,0.6,left,\LEFT,15,31,0.45,23455.9495610509,23455.8610986008,-0.000191432089195587
17,1,0.6,left,\LEFT,15,32,0.465,23456.0445713445,23455.9511354636,-0.000276821981969988
17,1,0.6,left,\LEFT,15,33,0.48,23456.1395816382,23456.0512301861,-0.000198374789761147
17,1,0.6,left,\LEFT,15,34,0.495,23456.2345919319,23456.1512799321,0.00973606125626247
17,1,0.6,left,\LEFT,15,35,0.51,23456.3296022255,23456.2413349062,-0.000258710588241229
17,1,0.6,left,\LEFT,15,36,0.525,23456.4246125192,23456.3313765986,-0.000271992277703248
17,1,0.6,left,\LEFT,15,37,0.54,23456.5196228129,23456.4314689064,-0.000200789643713506
17,1,0.6,left,\LEFT,15,38,0.555,23456.6146331065,23456.5214408699,-0.000341721137374407
17,1,0.6,left,\LEFT,15,39,0.57,23456.7096434002,23456.6215488742,-0.000185093103937106
17,1,0.6,left,\LEFT,15,40,0.585,23456.8046536938,23456.7116636159,-0.000198942991119111
17,1,0.6,left,\LEFT,15,41,0.6,23456.8996639875,23456.8117242287,-0.000232484580919845
17,1,0.6,left,\LEFT,15,42,0.6,23456.9946742812,23456.9017798065,-0.000258106876572128
17,1,0.6,left,\LEFT,15,43,0.6,23457.0896845748,23457.001866379,-0.000206524917302886
17,1,0.6,left,\LEFT,15,44,0.6,23457.1846948685,23457.0919041473,-0.000275916412647348
17,1,0.6,left,\LEFT,15,45,0.6,23457.2797051622,NaN,NaN
17,1,0.6,left,\LEFT,15,46,0.6,23457.3747154558,NaN,NaN
17,1,0.6,left,\LEFT,15,47,0.6,23457.4697257495,NaN,NaN
17,1,0.6,left,\LEFT,15,48,0.6,23457.5647360431,NaN,NaN
17,1,0.6,left,\LEFT,15,49,0.6,23457.6597463368,NaN,NaN
17,1,0.6,left,\LEFT,15,50,0.6,23457.7547566305,NaN,NaN
17,1,0.6,left,\LEFT,15,51,0.6,23457.8497669241,NaN,NaN
17,1,0.6,left,\LEFT,15,52,0.6,23457.9447772178,NaN,NaN
17,1,0.6,left,\LEFT,15,53,0.6,23458.0397875115,NaN,NaN
17,1,0.6,left,\LEFT,15,54,0.6,23458.1347978051,NaN,NaN
17,1,0.6,left,\LEFT,15,55,0.6,23458.2298080988,NaN,NaN
17,1,0.6,left,\LEFT,15,56,0.6,23458.3248183925,NaN,NaN
17,1,0.6,left,\LEFT,15,57,0.6,23458.4198286861,NaN,NaN
17,1,0.6,left,\LEFT,15,58,0.6,23458.5148389798,NaN,NaN
17,1,0.6,left,\LEFT,15,59,0.6,23458.6098492734,NaN,NaN
17,1,0.6,left,\LEFT,15,60,0.6,23458.7048595671,NaN,NaN
17,1,0.6,left,\LEFT,15,61,0.6,23458.7998698608,NaN,NaN
17,1,0.6,left,\LEFT,15,62,0.6,23458.8948801544,NaN,NaN
17,1,0.6,left,\LEFT,15,63,0.6,23458.9898904481,NaN,NaN
17,1,0.6,left,\LEFT,15,64,0.6,23459.0849007418,NaN,NaN
17,1,0.6,left,\LEFT,15,65,0.6,23459.1799110354,NaN,NaN
17,1,0.6,left,\LEFT,15,66,0.6,23459.2749213291,NaN,NaN
17,1,0.6,left,\LEFT,15,67,0.6,23459.3699316227,NaN,NaN
17,1,0.6,left,\LEFT,15,68,0.6,23459.4649419164,NaN,NaN
17,1,0.6,left,\LEFT,15,69,0.6,23459.5599522101,NaN,NaN
17,1,0.6,left,\LEFT,15,70,0.6,23459.6549625037,NaN,NaN
17,1,0.6,left,\LEFT,15,71,0.6,23459.7499727974,NaN,NaN
17,1,0.6,left,\LEFT,15,72,0.6,23459.8449830911,NaN,NaN
17,1,0.6,left,\LEFT,15,73,0.6,23459.9399933847,NaN,NaN
17,1,0.6,left,\LEFT,15,74,0.6,23460.0350036784,NaN,NaN
17,1,0.6,left,\LEFT,15,75,0.6,23460.1300139721,NaN,NaN
17,1,0.6,left,\LEFT,15,76,0.6,23460.2250242657,NaN,NaN
17,1,0.6,left,\LEFT,15,77,0.6,23460.3200345594,NaN,NaN
17,1,0.6,left,\LEFT,15,78,0.6,23460.415044853,NaN,NaN
17,1,0.6,left,\LEFT,15,79,0.6,23460.5100551467,NaN,NaN
17,1,0.6,left,\LEFT,15,80,0.6,23460.6050654404,NaN,NaN
17,1,0.6,left,\LEFT,15,81,0.6,23460.700075734,NaN,NaN
17,1,0.6,left,\LEFT,15,82,0.6,23460.7950860277,NaN,NaN
17,1,0.6,left,\LEFT,15,83,0.6,23460.8900963214,NaN,NaN
17,1,0.6,left,\LEFT,15,84,0.6,23460.985106615,NaN,NaN
17,1,0.6,left,\LEFT,15,85,0.6,23461.0801169087,NaN,NaN
17,1,0.6,left,\LEFT,15,86,0.6,23461.1751272023,NaN,NaN
17,1,0.6,left,\LEFT,15,87,0.6,23461.270137496,NaN,NaN
17,1,0.6,left,\LEFT,15,88,0.6,23461.3651477897,NaN,NaN
17,1,0.6,left,\LEFT,15,89,0.6,23461.4601580833,NaN,NaN
17,1,0.6,left,\LEFT,15,90,0.6,23461.555168377,NaN,NaN
17,1,0.6,left,\LEFT,15,91,0.6,23461.6501786707,NaN,NaN
17,1,0.6,left,\LEFT,15,92,0.6,23461.7451889643,NaN,NaN
17,1,0.6,left,\LEFT,15,93,0.6,23461.840199258,NaN,NaN
17,1,0.6,left,\LEFT,15,94,0.6,23461.9352095517,NaN,NaN
17,1,0.6,left,\LEFT,15,95,0.6,23462.0302198453,NaN,NaN
17,1,0.6,left,\LEFT,15,96,0.6,23462.125230139,NaN,NaN
17,1,0.6,left,\LEFT,15,97,0.6,23462.2202404326,NaN,NaN
17,1,0.6,left,\LEFT,15,98,0.6,23462.3152507263,NaN,NaN
17,1,0.6,left,\LEFT,15,99,0.6,23462.41026102,NaN,NaN
17,1,0.6,left,\LEFT,15,100,0.6,23462.5052713136,NaN,NaN
17,1,0.6,left,\LEFT,15,101,0.6,23462.6002816073,NaN,NaN
17,1,0.6,left,\LEFT,15,102,0.6,23462.695291901,NaN,NaN
17,1,0.6,left,\LEFT,15,103,0.6,23462.7903021946,NaN,NaN
17,1,0.6,left,\LEFT,15,104,0.6,23462.8853124883,NaN,NaN
17,1,0.6,left,\LEFT,15,105,0.6,23462.9803227819,NaN,NaN
17,1,0.6,left,\LEFT,15,106,0.6,23463.0753330756,NaN,NaN
17,1,0.6,left,\LEFT,15,107,0.6,23463.1703433693,NaN,NaN
17,1,0.6,left,\LEFT,15,108,0.6,23463.2653536629,NaN,NaN
17,1,0.6,left,\LEFT,15,109,0.6,23463.3603639566,NaN,NaN
17,1,0.6,left,\LEFT,15,110,0.6,23463.4553742503,NaN,NaN
17,1,0.6,left,\LEFT,15,111,0.6,23463.5503845439,NaN,NaN
17,1,0.6,left,\LEFT,15,112,0.6,23463.6453948376,NaN,NaN
17,1,0.6,left,\LEFT,15,113,0.6,23463.7404051312,NaN,NaN
17,1,0.6,left,\LEFT,15,114,0.6,23463.8354154249,NaN,NaN
17,1,0.6,left,\LEFT,15,115,0.6,23463.9304257186,NaN,NaN
17,1,0.6,left,\LEFT,15,116,0.6,23464.0254360122,NaN,NaN
17,1,0.6,left,\LEFT,15,117,0.6,23464.1204463059,NaN,NaN
17,1,0.6,left,\LEFT,15,118,0.6,23464.2154565996,NaN,NaN
17,1,0.6,left,\LEFT,15,119,0.6,23464.3104668932,NaN,NaN
17,1,0.6,left,\LEFT,15,120,0.6,23464.4054771869,NaN,NaN
17,1,0.6,left,\LEFT,15,121,0.6,23464.5004874806,NaN,NaN
17,1,0.6,left,\LEFT,15,122,0.6,23464.5954977742,NaN,NaN
17,1,0.6,left,\LEFT,15,123,0.6,23464.6905080679,NaN,NaN
17,1,0.6,left,\LEFT,15,124,0.6,23464.7855183615,NaN,NaN
17,1,0.6,left,\LEFT,15,125,0.6,23464.8805286552,NaN,NaN
17,1,0.6,left,\LEFT,15,126,0.6,23464.9755389489,NaN,NaN
17,1,0.6,left,\LEFT,15,127,0.6,23465.0705492425,NaN,NaN
17,1,0.6,left,\LEFT,15,128,0.6,23465.1655595362,NaN,NaN
17,1,0.6,left,\LEFT,15,129,0.6,23465.2605698299,NaN,NaN
17,1,0.6,left,\LEFT,15,130,0.6,23465.3555801235,NaN,NaN
17,1,0.6,left,\LEFT,15,131,0.6,23465.4505904172,NaN,NaN
17,1,0.6,left,\LEFT,15,132,0.6,23465.5456007108,NaN,NaN
17,1,0.6,left,\LEFT,15,133,0.6,23465.6406110045,NaN,NaN
17,1,0.6,left,\LEFT,15,134,0.6,23465.7356212982,NaN,NaN
17,1,0.6,left,\LEFT,15,135,0.6,23465.8306315918,NaN,NaN
17,1,0.6,left,\LEFT,15,136,0.6,23465.9256418855,NaN,NaN
17,1,0.6,left,\LEFT,15,137,0.6,23466.0206521792,NaN,NaN
17,1,0.6,left,\LEFT,15,138,0.6,23466.1156624728,NaN,NaN
17,1,0.6,left,\LEFT,15,139,0.6,23466.2106727665,NaN,NaN
17,1,0.6,left,\LEFT,15,140,0.6,23466.3056830602,NaN,NaN
17,1,0.6,left,\LEFT,15,141,0.6,23466.4006933538,NaN,NaN
17,1,0.6,left,\LEFT,15,142,0.6,23466.4957036475,NaN,NaN
17,1,0.6,left,\LEFT,15,143,0.6,23466.5907139411,NaN,NaN
17,1,0.6,left,\LEFT,15,144,0.6,23466.6857242348,NaN,NaN
17,1,0.6,left,\LEFT,15,145,0.6,23466.7807345285,NaN,NaN
17,1,0.6,left,\LEFT,15,146,0.6,23466.8757448221,NaN,NaN
17,1,0.6,left,\LEFT,15,147,0.6,23466.9707551158,NaN,NaN
17,1,0.6,left,\LEFT,15,148,0.6,23467.0657654095,NaN,NaN
17,1,0.6,left,\LEFT,15,149,0.6,23467.1607757031,NaN,NaN
17,1,0.6,left,\LEFT,15,150,0.6,23467.2557859968,NaN,NaN
17,1,0.6,left,\LEFT,15,151,0.6,23467.3507962904,NaN,NaN
17,1,0.6,left,\LEFT,15,152,0.6,23467.4458065841,NaN,NaN
17,1,0.6,left,\LEFT,15,153,0.6,23467.5408168778,NaN,NaN
17,1,0.6,left,\LEFT,15,154,0.6,23467.6358271714,NaN,NaN
17,1,0.6,left,\LEFT,15,155,0.6,23467.7308374651,NaN,NaN
17,1,0.6,left,\LEFT,15,156,0.6,23467.8258477588,NaN,NaN
17,1,0.6,left,\LEFT,15,157,0.6,23467.9208580524,NaN,NaN
17,1,0.6,left,\LEFT,15,158,0.6,23468.0158683461,NaN,NaN
17,1,0.6,left,\LEFT,15,159,0.6,23468.1108786397,NaN,NaN
17,1,0.6,left,\LEFT,15,160,0.6,23468.2058889334,NaN,NaN
17,1,0.6,left,\LEFT,15,161,0.6,23468.3008992271,NaN,NaN
17,1,0.6,left,\LEFT,15,162,0.6,23468.3959095207,NaN,NaN
17,1,0.6,left,\LEFT,15,163,0.6,23468.4909198144,NaN,NaN
17,1,0.6,left,\LEFT,15,164,0.6,23468.5859301081,NaN,NaN
17,1,0.6,left,\LEFT,15,165,0.6,23468.6809404017,NaN,NaN
17,1,0.6,left,\LEFT,15,166,0.6,23468.7759506954,NaN,NaN
17,1,0.6,left,\LEFT,15,167,0.6,23468.8709609891,NaN,NaN
17,1,0.6,left,\LEFT,15,168,0.6,23468.9659712827,NaN,NaN
17,1,0.6,left,\LEFT,15,169,0.6,23469.0609815764,NaN,NaN
17,1,0.6,left,\LEFT,15,170,0.6,23469.15599187,NaN,NaN
17,1,0.6,left,\LEFT,15,171,0.6,23469.2510021637,NaN,NaN
17,1,0.6,left,\LEFT,15,172,0.6,23469.3460124574,NaN,NaN
17,1,0.6,left,\LEFT,15,173,0.6,23469.441022751,NaN,NaN
17,1,0.6,left,\LEFT,15,174,0.6,23469.5360330447,NaN,NaN
17,1,0.6,left,\LEFT,15,175,0.6,23469.6310433384,NaN,NaN
17,1,0.6,left,\LEFT,15,176,0.6,23469.726053632,NaN,NaN
17,1,0.6,left,\LEFT,15,177,0.6,23469.8210639257,NaN,NaN
17,1,0.6,left,\LEFT,15,178,0.6,23469.9160742193,NaN,NaN
17,1,0.6,left,\LEFT,15,179,0.6,23470.011084513,NaN,NaN
17,1,0.6,left,\LEFT,15,180,0.6,23470.1060948067,NaN,NaN
17,1,0.6,left,\LEFT,15,181,0.6,23470.2011051003,NaN,NaN
17,1,0.6,left,\LEFT,15,182,0.6,23470.296115394,NaN,NaN
17,1,0.6,left,\LEFT,15,183,0.6,23470.3911256877,NaN,NaN
17,1,0.6,left,\LEFT,15,184,0.6,23470.4861359813,NaN,NaN
17,1,0.6,left,\LEFT,15,185,0.6,23470.581146275,NaN,NaN
17,1,0.6,left,\LEFT,15,186,0.6,23470.6761565687,NaN,NaN
17,1,0.6,left,\LEFT,15,187,0.6,23470.7711668623,NaN,NaN
17,1,0.6,left,\LEFT,15,188,0.6,23470.866177156,NaN,NaN
17,1,0.6,left,\LEFT,15,189,0.6,23470.9611874496,NaN,NaN
17,1,0.6,left,\LEFT,15,190,0.6,23471.0561977433,NaN,NaN
17,1,0.6,left,\LEFT,15,191,0.6,23471.151208037,NaN,NaN
17,1,0.6,left,\LEFT,15,192,0.6,23471.2462183306,NaN,NaN
17,1,0.6,left,\LEFT,15,193,0.6,23471.3412286243,NaN,NaN
17,1,0.6,left,\LEFT,15,194,0.6,23471.436238918,NaN,NaN
17,1,0.6,left,\LEFT,15,195,0.6,23471.5312492116,NaN,NaN
17,1,0.6,left,\LEFT,15,196,0.6,23471.6262595053,NaN,NaN
17,1,0.6,left,\LEFT,15,197,0.6,23471.7212697989,NaN,NaN
17,1,0.6,left,\LEFT,15,198,0.6,23471.8162800926,NaN,NaN
17,1,0.6,left,\LEFT,15,199,0.6,23471.9112903863,NaN,NaN
17,1,0.6,left,\LEFT,15,200,0.6,23472.0063006799,NaN,NaN
17,1,0.6,left,\LEFT,15,201,0.6,23472.1013109736,NaN,NaN
17,1,0.6,left,\LEFT,15,202,0.6,23472.1963212673,NaN,NaN
17,5,0.6,left,\RIGHT,16,1,0,23458.7729909033,23458.7729909033,-0.000457953658042243
17,5,0.6,left,\RIGHT,16,2,0,23458.8680011969,23458.8230233226,0.0395540360841551
17,5,0.6,left,\RIGHT,16,3,0,23458.9630114906,23458.8730318954,-0.000387461277568946
17,5,0.6,left,\RIGHT,16,4,0,23459.0580217842,23458.9731296365,-0.000195356224139687
17,5,0.6,left,\RIGHT,16,5,0,23459.1530320779,23459.063198496,-0.000244825187110109
17,5,0.6,left,\RIGHT,16,6,0.015,23459.2480423716,23459.1632669571,-0.000224636311031645
17,5,0.6,left,\RIGHT,16,7,0.03,23459.3430526652,23459.2533448723,-0.00023576949024573
17,5,0.6,left,\RIGHT,16,8,0.045,23459.4380629589,23459.3534027684,0.00974421138016623
17,5,0.6,left,\RIGHT,16,9,0.06,23459.5330732526,23459.4434468757,-0.000269577423750889
17,5,0.6,left,\RIGHT,16,10,0.075,23459.6280835462,23459.5434751898,0.00971462944289669
17,5,0.6,left,\RIGHT,16,11,0.09,23459.7230938399,23459.6335854037,-0.00020347084137029
17,5,0.6,left,\RIGHT,16,12,0.105,23459.8181041335,23459.7335590818,0.00965999341133283
17,5,0.6,left,\RIGHT,16,13,0.12,23459.9131144272,23459.8237006887,-0.000172077761817491
17,5,0.6,left,\RIGHT,16,14,0.135,23460.0081247209,23459.9237682442,0.00975387079233769
17,5,0.6,left,\RIGHT,16,15,0.15,23460.1031350145,23460.0138168793,-0.000265049577137688
17,5,0.6,left,\RIGHT,16,16,0.165,23460.1981453082,23460.1138953017,0.00976473762784735
17,5,0.6,left,\RIGHT,16,17,0.18,23460.2931556019,23460.2039285421,-0.000280444259260548
17,5,0.6,left,\RIGHT,16,18,0.195,23460.3881658955,23460.3040042477,0.00976202091987943
17,5,0.6,left,\RIGHT,16,19,0.21,23460.4831761892,23460.3940450346,-0.000272897847025888
17,5,0.6,left,\RIGHT,16,20,0.225,23460.5781864829,23460.4941104771,0.00975175779603887
17,5,0.6,left,\RIGHT,16,21,0.24,23460.6731967765,23460.5841947313,-0.00022943050134927
17,5,0.6,left,\RIGHT,16,22,0.255,23460.7682070702,23460.6743022284,-0.000206187552976189
17,5,0.6,left,\RIGHT,16,23,0.27,23460.8632173638,23460.7743235999,-0.000271725930360844
17,5,0.6,left,\RIGHT,16,24,0.285,23460.9582276575,23460.8643290695,-0.000308215057884809
17,5,0.6,left,\RIGHT,16,25,0.3,23461.0532379512,23460.9644132271,-0.000208939771255245
17,5,0.6,left,\RIGHT,16,26,0.315,23461.1482482448,23461.0545050277,-0.000221884092752589
17,5,0.6,left,\RIGHT,16,27,0.33,23461.2432585385,23461.154537266,-0.000260859094851185
17,5,0.6,left,\RIGHT,16,28,0.345,23461.3382688322,23461.2445994847,-0.000251466030022129
17,5,0.6,left,\RIGHT,16,29,0.36,23461.4332791258,23461.344682133,-0.000210449055884965
17,5,0.6,left,\RIGHT,16,30,0.375,23461.5282894195,23461.4347534074,-0.00024241033315775
17,5,0.6,left,\RIGHT,16,31,0.39,23461.6232997131,23461.5347925883,-0.000253916394285625
17,5,0.6,left,\RIGHT,16,32,0.405,23461.7183100068,23461.6248475624,-0.000258710588241229
17,5,0.6,left,\RIGHT,16,33,0.42,23461.8133203005,23461.7249015344,-0.000239125423831865
17,5,0.6,left,\RIGHT,16,34,0.435,23461.9083305941,23461.8150198984,-0.000195320717466529
17,5,0.6,left,\RIGHT,16,35,0.45,23462.0033408878,23461.9150593812,-0.000253614536632085
17,5,0.6,left,\RIGHT,16,36,0.465,23462.0983511815,23462.0151447462,0.00977168032841291
17,5,0.6,left,\RIGHT,16,37,0.48,23462.1933614751,23462.1051641013,-0.000294329660391668
17,5,0.6,left,\RIGHT,16,38,0.495,23462.2883717688,23462.1952229995,-0.000254786453297129
17,5,0.6,left,\RIGHT,16,39,0.51,23462.3833820624,23462.2953204388,-0.000195658081793226
17,5,0.6,left,\RIGHT,16,40,0.525,23462.4783923561,23462.3853799408,-0.000254182741628028
17,5,0.6,left,\RIGHT,16,41,0.54,23462.5734026498,23462.4853735414,-0.000299496732623084
17,5,0.6,left,\RIGHT,16,42,0.555,23462.6684129434,23462.575473794,-0.00021343210755731
17,5,0.6,left,\RIGHT,16,43,0.57,23462.7634232371,23462.6755594609,-0.000207430486625526
17,5,0.6,left,\RIGHT,16,44,0.585,23462.8584335308,23462.765641904,-0.000231241643632529
17,5,0.6,left,\RIGHT,16,45,0.6,23462.9534438244,23462.8656783682,-0.000256633105891524
17,5,0.6,left,\RIGHT,16,46,0.6,23463.0484541181,23462.9557704707,-0.00022158223146107
17,5,0.6,left,\RIGHT,16,47,0.6,23463.1434644118,23463.0557954644,-0.000268103653070284
17,5,0.6,left,\RIGHT,16,48,0.6,23463.2384747054,23463.1458468163,-0.000262332865531789
17,5,0.6,left,\RIGHT,16,49,0.6,23463.3334849991,23463.245939124,-0.000200789643713506
17,5,0.6,left,\RIGHT,16,50,0.6,23463.4284952927,23463.3360028519,-0.000249956749030389
17,5,0.6,left,\RIGHT,16,51,0.6,23463.5235055864,23463.4360423348,-0.000253614540270064
17,5,0.6,left,\RIGHT,16,52,0.6,23463.6185158801,23463.5261039497,-0.000252069745329209
17,5,0.6,left,\RIGHT,16,53,0.6,23463.7135261737,23463.6262306691,-0.000166377998539247
17,5,0.6,left,\RIGHT,16,54,0.6,23463.8085364674,23463.7162512316,-0.000293122233415488
17,5,0.6,left,\RIGHT,16,55,0.6,23463.9035467611,23463.8162985627,-0.000245766266743885
17,5,0.6,left,\RIGHT,16,56,0.6,23463.9985570547,23463.9063816094,-0.000230637931963429
17,5,0.6,left,\RIGHT,16,57,0.6,23464.0935673484,23464.0064286387,-0.000246068124397425
17,5,0.6,left,\RIGHT,16,58,0.6,23464.188577642,23464.1065130982,0.00977077475909027
17,5,0.6,left,\RIGHT,16,59,0.6,23464.2835879357,23464.1965704871,-0.000256295734288869
17,5,0.6,left,\RIGHT,16,60,0.6,23464.3785982294,23464.2866299891,-0.000254182741628028
17,5,0.6,left,\RIGHT,16,61,0.6,23464.473608523,23464.386646229,-0.000276857492281124
17,5,0.6,left,\RIGHT,16,62,0.6,23464.5686188167,23464.4767235405,-0.000236373205552809
17,5,0.6,left,\RIGHT,16,63,0.6,23464.6636291104,23464.5768185649,-0.000198072932107607
17,5,0.6,left,\RIGHT,16,64,0.6,23464.758639404,NaN,NaN
17,5,0.6,left,\RIGHT,16,65,0.6,23464.8536496977,NaN,NaN
17,5,0.6,left,\RIGHT,16,66,0.6,23464.9486599914,NaN,NaN
17,5,0.6,left,\RIGHT,16,67,0.6,23465.043670285,NaN,NaN
17,5,0.6,left,\RIGHT,16,68,0.6,23465.1386805787,NaN,NaN
17,5,0.6,left,\RIGHT,16,69,0.6,23465.2336908723,NaN,NaN
17,5,0.6,left,\RIGHT,16,70,0.6,23465.328701166,NaN,NaN
17,5,0.6,left,\RIGHT,16,71,0.6,23465.4237114597,NaN,NaN
17,5,0.6,left,\RIGHT,16,72,0.6,23465.5187217533,NaN,NaN
17,5,0.6,left,\RIGHT,16,73,0.6,23465.613732047,NaN,NaN
17,5,0.6,left,\RIGHT,16,74,0.6,23465.7087423407,NaN,NaN
17,5,0.6,left,\RIGHT,16,75,0.6,23465.8037526343,NaN,NaN
17,5,0.6,left,\RIGHT,16,76,0.6,23465.898762928,NaN,NaN
17,5,0.6,left,\RIGHT,16,77,0.6,23465.9937732216,NaN,NaN
17,5,0.6,left,\RIGHT,16,78,0.6,23466.0887835153,NaN,NaN
17,5,0.6,left,\RIGHT,16,79,0.6,23466.183793809,NaN,NaN
17,5,0.6,left,\RIGHT,16,80,0.6,23466.2788041026,NaN,NaN
17,5,0.6,left,\RIGHT,16,81,0.6,23466.3738143963,NaN,NaN
17,5,0.6,left,\RIGHT,16,82,0.6,23466.46882469,NaN,NaN
17,5,0.6,left,\RIGHT,16,83,0.6,23466.5638349836,NaN,NaN
17,5,0.6,left,\RIGHT,16,84,0.6,23466.6588452773,NaN,NaN
17,5,0.6,left,\RIGHT,16,85,0.6,23466.7538555709,NaN,NaN
17,5,0.6,left,\RIGHT,16,86,0.6,23466.8488658646,NaN,NaN
17,5,0.6,left,\RIGHT,16,87,0.6,23466.9438761583,NaN,NaN
17,5,0.6,left,\RIGHT,16,88,0.6,23467.0388864519,NaN,NaN
17,5,0.6,left,\RIGHT,16,89,0.6,23467.1338967456,NaN,NaN
17,5,0.6,left,\RIGHT,16,90,0.6,23467.2289070393,NaN,NaN
17,5,0.6,left,\RIGHT,16,91,0.6,23467.3239173329,NaN,NaN
17,5,0.6,left,\RIGHT,16,92,0.6,23467.4189276266,NaN,NaN
17,5,0.6,left,\RIGHT,16,93,0.6,23467.5139379203,NaN,NaN
17,5,0.6,left,\RIGHT,16,94,0.6,23467.6089482139,NaN,NaN
17,5,0.6,left,\RIGHT,16,95,0.6,23467.7039585076,NaN,NaN
17,5,0.6,left,\RIGHT,16,96,0.6,23467.7989688012,NaN,NaN
17,5,0.6,left,\RIGHT,16,97,0.6,23467.8939790949,NaN,NaN
17,5,0.6,left,\RIGHT,16,98,0.6,23467.9889893886,NaN,NaN
17,5,0.6,left,\RIGHT,16,99,0.6,23468.0839996822,NaN,NaN
17,5,0.6,left,\RIGHT,16,100,0.6,23468.1790099759,NaN,NaN
17,5,0.6,left,\RIGHT,16,101,0.6,23468.2740202696,NaN,NaN
17,5,0.6,left,\RIGHT,16,102,0.6,23468.3690305632,NaN,NaN
17,5,0.6,left,\RIGHT,16,103,0.6,23468.4640408569,NaN,NaN
17,5,0.6,left,\RIGHT,16,104,0.6,23468.5590511505,NaN,NaN
17,5,0.6,left,\RIGHT,16,105,0.6,23468.6540614442,NaN,NaN
17,5,0.6,left,\RIGHT,16,106,0.6,23468.7490717379,NaN,NaN
17,5,0.6,left,\RIGHT,16,107,0.6,23468.8440820315,NaN,NaN
17,5,0.6,left,\RIGHT,16,108,0.6,23468.9390923252,NaN,NaN
17,5,0.6,left,\RIGHT,16,109,0.6,23469.0341026189,NaN,NaN
17,5,0.6,left,\RIGHT,16,110,0.6,23469.1291129125,NaN,NaN
17,5,0.6,left,\RIGHT,16,111,0.6,23469.2241232062,NaN,NaN
17,5,0.6,left,\RIGHT,16,112,0.6,23469.3191334999,NaN,NaN
17,5,0.6,left,\RIGHT,16,113,0.6,23469.4141437935,NaN,NaN
17,5,0.6,left,\RIGHT,16,114,0.6,23469.5091540872,NaN,NaN
17,5,0.6,left,\RIGHT,16,115,0.6,23469.6041643808,NaN,NaN
17,5,0.6,left,\RIGHT,16,116,0.6,23469.6991746745,NaN,NaN
17,5,0.6,left,\RIGHT,16,117,0.6,23469.7941849682,NaN,NaN
17,5,0.6,left,\RIGHT,16,118,0.6,23469.8891952618,NaN,NaN
17,5,0.6,left,\RIGHT,16,119,0.6,23469.9842055555,NaN,NaN
17,5,0.6,left,\RIGHT,16,120,0.6,23470.0792158492,NaN,NaN
17,5,0.6,left,\RIGHT,16,121,0.6,23470.1742261428,NaN,NaN
17,5,0.6,left,\RIGHT,16,122,0.6,23470.2692364365,NaN,NaN
17,5,0.6,left,\RIGHT,16,123,0.6,23470.3642467301,NaN,NaN
17,5,0.6,left,\RIGHT,16,124,0.6,23470.4592570238,NaN,NaN
17,5,0.6,left,\RIGHT,16,125,0.6,23470.5542673175,NaN,NaN
17,5,0.6,left,\RIGHT,16,126,0.6,23470.6492776111,NaN,NaN
17,5,0.6,left,\RIGHT,16,127,0.6,23470.7442879048,NaN,NaN
17,5,0.6,left,\RIGHT,16,128,0.6,23470.8392981985,NaN,NaN
17,5,0.6,left,\RIGHT,16,129,0.6,23470.9343084921,NaN,NaN
17,5,0.6,left,\RIGHT,16,130,0.6,23471.0293187858,NaN,NaN
17,5,0.6,left,\RIGHT,16,131,0.6,23471.1243290795,NaN,NaN
17,5,0.6,left,\RIGHT,16,132,0.6,23471.2193393731,NaN,NaN
17,5,0.6,left,\RIGHT,16,133,0.6,23471.3143496668,NaN,NaN
17,5,0.6,left,\RIGHT,16,134,0.6,23471.4093599604,NaN,NaN
17,5,0.6,left,\RIGHT,16,135,0.6,23471.5043702541,NaN,NaN
17,5,0.6,left,\RIGHT,16,136,0.6,23471.5993805478,NaN,NaN
17,5,0.6,left,\RIGHT,16,137,0.6,23471.6943908414,NaN,NaN
17,5,0.6,left,\RIGHT,16,138,0.6,23471.7894011351,NaN,NaN
17,5,0.6,left,\RIGHT,16,139,0.6,23471.8844114288,NaN,NaN
17,5,0.6,left,\RIGHT,16,140,0.6,23471.9794217224,NaN,NaN
17,5,0.6,left,\RIGHT,16,141,0.6,23472.0744320161,NaN,NaN
17,5,0.6,left,\RIGHT,16,142,0.6,23472.1694423097,NaN,NaN
17,5,0.6,left,\RIGHT,16,143,0.6,23472.2644526034,NaN,NaN
17,5,0.6,left,\RIGHT,16,144,0.6,23472.3594628971,NaN,NaN
17,5,0.6,left,\RIGHT,16,145,0.6,23472.4544731907,NaN,NaN
17,5,0.6,left,\RIGHT,16,146,0.6,23472.5494834844,NaN,NaN
17,5,0.6,left,\RIGHT,16,147,0.6,23472.6444937781,NaN,NaN
17,5,0.6,left,\RIGHT,16,148,0.6,23472.7395040717,NaN,NaN
17,5,0.6,left,\RIGHT,16,149,0.6,23472.8345143654,NaN,NaN
17,5,0.6,left,\RIGHT,16,150,0.6,23472.929524659,NaN,NaN
17,5,0.6,left,\RIGHT,16,151,0.6,23473.0245349527,NaN,NaN
17,5,0.6,left,\RIGHT,16,152,0.6,23473.1195452464,NaN,NaN
17,5,0.6,left,\RIGHT,16,153,0.6,23473.21455554,NaN,NaN
17,5,0.6,left,\RIGHT,16,154,0.6,23473.3095658337,NaN,NaN
17,5,0.6,left,\RIGHT,16,155,0.6,23473.4045761274,NaN,NaN
17,5,0.6,left,\RIGHT,16,156,0.6,23473.499586421,NaN,NaN
17,5,0.6,left,\RIGHT,16,157,0.6,23473.5945967147,NaN,NaN
17,5,0.6,left,\RIGHT,16,158,0.6,23473.6896070084,NaN,NaN
17,5,0.6,left,\RIGHT,16,159,0.6,23473.784617302,NaN,NaN
17,5,0.6,left,\RIGHT,16,160,0.6,23473.8796275957,NaN,NaN
17,5,0.6,left,\RIGHT,16,161,0.6,23473.9746378893,NaN,NaN
17,5,0.6,left,\RIGHT,16,162,0.6,23474.069648183,NaN,NaN
17,5,0.6,left,\RIGHT,16,163,0.6,23474.1646584767,NaN,NaN
17,5,0.6,left,\RIGHT,16,164,0.6,23474.2596687703,NaN,NaN
17,5,0.6,left,\RIGHT,16,165,0.6,23474.354679064,NaN,NaN
17,5,0.6,left,\RIGHT,16,166,0.6,23474.4496893577,NaN,NaN
17,5,0.6,left,\RIGHT,16,167,0.6,23474.5446996513,NaN,NaN
17,5,0.6,left,\RIGHT,16,168,0.6,23474.639709945,NaN,NaN
17,5,0.6,left,\RIGHT,16,169,0.6,23474.7347202386,NaN,NaN
17,5,0.6,left,\RIGHT,16,170,0.6,23474.8297305323,NaN,NaN
17,5,0.6,left,\RIGHT,16,171,0.6,23474.924740826,NaN,NaN
17,5,0.6,left,\RIGHT,16,172,0.6,23475.0197511196,NaN,NaN
17,5,0.6,left,\RIGHT,16,173,0.6,23475.1147614133,NaN,NaN
17,5,0.6,left,\RIGHT,16,174,0.6,23475.209771707,NaN,NaN
17,5,0.6,left,\RIGHT,16,175,0.6,23475.3047820006,NaN,NaN
17,5,0.6,left,\RIGHT,16,176,0.6,23475.3997922943,NaN,NaN
17,5,0.6,left,\RIGHT,16,177,0.6,23475.494802588,NaN,NaN
17,5,0.6,left,\RIGHT,16,178,0.6,23475.5898128816,NaN,NaN
17,5,0.6,left,\RIGHT,16,179,0.6,23475.6848231753,NaN,NaN
17,5,0.6,left,\RIGHT,16,180,0.6,23475.7798334689,NaN,NaN
17,5,0.6,left,\RIGHT,16,181,0.6,23475.8748437626,NaN,NaN
17,5,0.6,left,\RIGHT,16,182,0.6,23475.9698540563,NaN,NaN
17,5,0.6,left,\RIGHT,16,183,0.6,23476.0648643499,NaN,NaN
17,5,0.6,left,\RIGHT,16,184,0.6,23476.1598746436,NaN,NaN
17,5,0.6,left,\RIGHT,16,185,0.6,23476.2548849373,NaN,NaN
17,5,0.6,left,\RIGHT,16,186,0.6,23476.3498952309,NaN,NaN
17,5,0.6,left,\RIGHT,16,187,0.6,23476.4449055246,NaN,NaN
17,5,0.6,left,\RIGHT,16,188,0.6,23476.5399158182,NaN,NaN
17,5,0.6,left,\RIGHT,16,189,0.6,23476.6349261119,NaN,NaN
17,5,0.6,left,\RIGHT,16,190,0.6,23476.7299364056,NaN,NaN
17,5,0.6,left,\RIGHT,16,191,0.6,23476.8249466992,NaN,NaN
17,5,0.6,left,\RIGHT,16,192,0.6,23476.9199569929,NaN,NaN
17,5,0.6,left,\RIGHT,16,193,0.6,23477.0149672866,NaN,NaN
17,5,0.6,left,\RIGHT,16,194,0.6,23477.1099775802,NaN,NaN
17,5,0.6,left,\RIGHT,16,195,0.6,23477.2049878739,NaN,NaN
17,5,0.6,left,\RIGHT,16,196,0.6,23477.2999981675,NaN,NaN
17,5,0.6,left,\RIGHT,16,197,0.6,23477.3950084612,NaN,NaN
17,5,0.6,left,\RIGHT,16,198,0.6,23477.4900187549,NaN,NaN
17,5,0.6,left,\RIGHT,16,199,0.6,23477.5850290485,NaN,NaN
17,5,0.6,left,\RIGHT,16,200,0.6,23477.6800393422,NaN,NaN
17,5,0.6,left,\RIGHT,16,201,0.6,23477.7750496359,NaN,NaN
17,5,0.6,left,\RIGHT,16,202,0.6,23477.8700599295,NaN,NaN
17,9,0.6,left,\LEFT,17,1,0,23466.1578320301,23466.1578320301,-0.000468820493551902
17,9,0.6,left,\LEFT,17,2,0,23466.2528423238,23466.1878217791,0.0195113656409376
17,9,0.6,left,\LEFT,17,3,0,23466.3478526174,23466.2578866058,-0.000290032639895799
17,9,0.6,left,\LEFT,17,4,0,23466.4428629111,23466.3579864599,-0.000193243231478846
17,9,0.6,left,\LEFT,17,5,0,23466.5378732048,23466.448041434,-0.000258710588241229
17,9,0.6,left,\LEFT,17,6,0,23466.6328834984,23466.5481120081,-0.000222523314732825
17,9,0.6,left,\LEFT,17,7,0,23466.7278937921,23466.6381681896,-0.000257503161265049
17,9,0.6,left,\LEFT,17,8,0,23466.8229040858,23466.7382067669,0.00972489256309927
17,9,0.6,left,\LEFT,17,9,0,23466.9179143794,23466.8283127548,-0.00020769683396793
17,9,0.6,left,\LEFT,17,10,0.015,23467.0129246731,23466.9283452949,0.00971885543549433
17,9,0.6,left,\LEFT,17,11,0.03,23467.1079349667,23467.0184075136,-0.000251466030022129
17,9,0.6,left,\LEFT,17,12,0.045,23467.2029452604,23467.1184844266,0.00976322834321763
17,9,0.6,left,\LEFT,17,13,0.06,23467.2979555541,23467.2085400044,-0.000258106876572128
17,9,0.6,left,\LEFT,17,14,0.075,23467.3929658477,23467.3085828077,0.00972911855933489
17,9,0.6,left,\LEFT,17,15,0.09,23467.4879761414,23467.398601559,-0.000294933375698747
17,9,0.6,left,\LEFT,17,16,0.105,23467.5829864351,23467.4987071484,0.00979190471844049
17,9,0.6,left,\LEFT,17,17,0.12,23467.6779967287,23467.5887277109,-0.000293122233415488
17,9,0.6,left,\LEFT,17,18,0.135,23467.7730070224,23467.688857147,0.00981575138212065
17,9,0.6,left,\LEFT,17,19,0.15,23467.8680173161,23467.7789160452,-0.000254786453297129
17,9,0.6,left,\LEFT,17,20,0.165,23467.9630276097,23467.8789857137,0.00975598378863651
17,9,0.6,left,\LEFT,17,21,0.18,23468.0580379034,23467.9690189542,-0.000280444259260548
17,9,0.6,left,\LEFT,17,22,0.195,23468.153048197,23468.059152411,-0.00018022788935923
17,9,0.6,left,\LEFT,17,23,0.21,23468.2480584907,23468.1591112981,-0.000334210231812904
17,9,0.6,left,\LEFT,17,24,0.225,23468.3430687844,23468.2492305677,-0.000194415148143889
17,9,0.6,left,\LEFT,17,25,0.24,23468.438079078,23468.3492935953,-0.000230069726967486
17,9,0.6,left,\LEFT,17,26,0.255,23468.5330893717,23468.4393440416,-0.000263238434854429
17,9,0.6,left,\LEFT,17,27,0.27,23468.6280996654,23468.5394094841,-0.000227654876653105
17,9,0.6,left,\LEFT,17,28,0.285,23468.723109959,23468.6294759288,-0.000247240041062469
17,9,0.6,left,\LEFT,17,29,0.3,23468.8181202527,23468.7295443898,-0.000224636311031645
17,9,0.6,left,\LEFT,17,30,0.315,23468.9131305463,23468.8196038918,-0.00025418273799005
17,9,0.6,left,\LEFT,17,31,0.33,23469.00814084,23468.9196642027,-0.000232786438573385
17,9,0.6,left,\LEFT,17,32,0.345,23469.1031511337,23469.0097321567,-0.000245730756432749
17,9,0.6,left,\LEFT,17,33,0.36,23469.1981614273,23469.1097779785,-0.000247275551373605
17,9,0.6,left,\LEFT,17,34,0.375,23469.293171721,23469.2098452321,0.00975356893468415
17,9,0.6,left,\LEFT,17,35,0.39,23469.3881820147,23469.2999149972,-0.000243919617787469
17,9,0.6,left,\LEFT,17,36,0.405,23469.4831923083,23469.3899744992,-0.00025418273799005
17,9,0.6,left,\LEFT,17,37,0.42,23469.578202602,23469.4900094541,-0.000258142386883264
17,9,0.6,left,\LEFT,17,38,0.435,23469.6732128957,23469.5800674468,-0.000255692022619769
17,9,0.6,left,\LEFT,17,39,0.45,23469.7682231893,23469.6801663954,-0.000194148800801486
17,9,0.6,left,\LEFT,17,40,0.465,23469.863233483,23469.7702207658,-0.000259314303548308
17,9,0.6,left,\LEFT,17,41,0.48,23469.9582437766,23469.8702792656,-0.000234597573580686
17,9,0.6,left,\LEFT,17,42,0.495,23470.0532540703,23469.9603541622,-0.000238788059505168
17,9,0.6,left,\LEFT,17,43,0.51,23470.148264364,23470.060414775,-0.000232484580919845
17,9,0.6,left,\LEFT,17,44,0.525,23470.2432746576,23470.1504483173,-0.000280142401607009
17,9,0.6,left,\LEFT,17,45,0.54,23470.3382849513,23470.2504941392,-0.000247275551373605
17,9,0.6,left,\LEFT,17,46,0.555,23470.433295245,23470.3405258703,-0.000281953540252289
17,9,0.6,left,\LEFT,17,47,0.57,23470.5283055386,23470.4406634565,-0.000155511163029587
17,9,0.6,left,\LEFT,17,48,0.585,23470.6233158323,23470.5307229585,-0.000254182741628028
17,9,0.6,left,\LEFT,17,49,0.6,23470.7183261259,23470.6307893066,-0.000226749307330465
17,9,0.6,left,\LEFT,17,50,0.6,23470.8133364196,23470.7208448844,-0.00025810687293415
17,9,0.6,left,\LEFT,17,51,0.6,23470.9083467133,23470.8209139492,-0.000224032599362545
17,9,0.6,left,\LEFT,17,52,0.6,23471.0033570069,23470.9109722437,-0.000255390164966229
17,9,0.6,left,\LEFT,17,53,0.6,23471.0983673006,23471.011008708,-0.000256633105891524
17,9,0.6,left,\LEFT,17,54,0.6,23471.1933775943,23471.101082699,-0.00023969362518983
17,9,0.6,left,\LEFT,17,55,0.6,23471.2883878879,23471.2011436137,-0.000232182723266305
17,9,0.6,left,\LEFT,17,56,0.6,23471.3833981816,23471.3012147915,0.00975749306962825
17,9,0.6,left,\LEFT,17,57,0.6,23471.4784084753,23471.3912890844,-0.00023939176753629
17,9,0.6,left,\LEFT,17,58,0.6,23471.5734187689,23471.4813503975,-0.000252371602982748
17,9,0.6,left,\LEFT,17,59,0.6,23471.6684290626,23471.5813913896,-0.000252105255640345
17,9,0.6,left,\LEFT,17,60,0.6,23471.7634393562,23471.6714602491,-0.000244825187110109
17,9,0.6,left,\LEFT,17,61,0.6,23471.8584496499,23471.7715389733,-0.000214373187191086
17,9,0.6,left,\LEFT,17,62,0.6,23471.9534599436,NaN,NaN
17,9,0.6,left,\LEFT,17,63,0.6,23472.0484702372,NaN,NaN
17,9,0.6,left,\LEFT,17,64,0.6,23472.1434805309,NaN,NaN
17,9,0.6,left,\LEFT,17,65,0.6,23472.2384908246,NaN,NaN
17,9,0.6,left,\LEFT,17,66,0.6,23472.3335011182,NaN,NaN
17,9,0.6,left,\LEFT,17,67,0.6,23472.4285114119,NaN,NaN
17,9,0.6,left,\LEFT,17,68,0.6,23472.5235217055,NaN,NaN
17,9,0.6,left,\LEFT,17,69,0.6,23472.6185319992,NaN,NaN
17,9,0.6,left,\LEFT,17,70,0.6,23472.7135422929,NaN,NaN
17,9,0.6,left,\LEFT,17,71,0.6,23472.8085525865,NaN,NaN
17,9,0.6,left,\LEFT,17,72,0.6,23472.9035628802,NaN,NaN
17,9,0.6,left,\LEFT,17,73,0.6,23472.9985731739,NaN,NaN
17,9,0.6,left,\LEFT,17,74,0.6,23473.0935834675,NaN,NaN
17,9,0.6,left,\LEFT,17,75,0.6,23473.1885937612,NaN,NaN
17,9,0.6,left,\LEFT,17,76,0.6,23473.2836040549,NaN,NaN
17,9,0.6,left,\LEFT,17,77,0.6,23473.3786143485,NaN,NaN
17,9,0.6,left,\LEFT,17,78,0.6,23473.4736246422,NaN,NaN
17,9,0.6,left,\LEFT,17,79,0.6,23473.5686349358,NaN,NaN
17,9,0.6,left,\LEFT,17,80,0.6,23473.6636452295,NaN,NaN
17,9,0.6,left,\LEFT,17,81,0.6,23473.7586555232,NaN,NaN
17,9,0.6,left,\LEFT,17,82,0.6,23473.8536658168,NaN,NaN
17,9,0.6,left,\LEFT,17,83,0.6,23473.9486761105,NaN,NaN
17,9,0.6,left,\LEFT,17,84,0.6,23474.0436864042,NaN,NaN
17,9,0.6,left,\LEFT,17,85,0.6,23474.1386966978,NaN,NaN
17,9,0.6,left,\LEFT,17,86,0.6,23474.2337069915,NaN,NaN
17,9,0.6,left,\LEFT,17,87,0.6,23474.3287172851,NaN,NaN
17,9,0.6,left,\LEFT,17,88,0.6,23474.4237275788,NaN,NaN
17,9,0.6,left,\LEFT,17,89,0.6,23474.5187378725,NaN,NaN
17,9,0.6,left,\LEFT,17,90,0.6,23474.6137481661,NaN,NaN
17,9,0.6,left,\LEFT,17,91,0.6,23474.7087584598,NaN,NaN
17,9,0.6,left,\LEFT,17,92,0.6,23474.8037687535,NaN,NaN
17,9,0.6,left,\LEFT,17,93,0.6,23474.8987790471,NaN,NaN
17,9,0.6,left,\LEFT,17,94,0.6,23474.9937893408,NaN,NaN
17,9,0.6,left,\LEFT,17,95,0.6,23475.0887996345,NaN,NaN
17,9,0.6,left,\LEFT,17,96,0.6,23475.1838099281,NaN,NaN
17,9,0.6,left,\LEFT,17,97,0.6,23475.2788202218,NaN,NaN
17,9,0.6,left,\LEFT,17,98,0.6,23475.3738305154,NaN,NaN
17,9,0.6,left,\LEFT,17,99,0.6,23475.4688408091,NaN,NaN
17,9,0.6,left,\LEFT,17,100,0.6,23475.5638511028,NaN,NaN
17,9,0.6,left,\LEFT,17,101,0.6,23475.6588613964,NaN,NaN
17,9,0.6,left,\LEFT,17,102,0.6,23475.7538716901,NaN,NaN
17,9,0.6,left,\LEFT,17,103,0.6,23475.8488819838,NaN,NaN
17,9,0.6,left,\LEFT,17,104,0.6,23475.9438922774,NaN,NaN
17,9,0.6,left,\LEFT,17,105,0.6,23476.0389025711,NaN,NaN
17,9,0.6,left,\LEFT,17,106,0.6,23476.1339128647,NaN,NaN
17,9,0.6,left,\LEFT,17,107,0.6,23476.2289231584,NaN,NaN
17,9,0.6,left,\LEFT,17,108,0.6,23476.3239334521,NaN,NaN
17,9,0.6,left,\LEFT,17,109,0.6,23476.4189437457,NaN,NaN
17,9,0.6,left,\LEFT,17,110,0.6,23476.5139540394,NaN,NaN
17,9,0.6,left,\LEFT,17,111,0.6,23476.6089643331,NaN,NaN
17,9,0.6,left,\LEFT,17,112,0.6,23476.7039746267,NaN,NaN
17,9,0.6,left,\LEFT,17,113,0.6,23476.7989849204,NaN,NaN
17,9,0.6,left,\LEFT,17,114,0.6,23476.893995214,NaN,NaN
17,9,0.6,left,\LEFT,17,115,0.6,23476.9890055077,NaN,NaN
17,9,0.6,left,\LEFT,17,116,0.6,23477.0840158014,NaN,NaN
17,9,0.6,left,\LEFT,17,117,0.6,23477.179026095,NaN,NaN
17,9,0.6,left,\LEFT,17,118,0.6,23477.2740363887,NaN,NaN
17,9,0.6,left,\LEFT,17,119,0.6,23477.3690466824,NaN,NaN
17,9,0.6,left,\LEFT,17,120,0.6,23477.464056976,NaN,NaN
17,9,0.6,left,\LEFT,17,121,0.6,23477.5590672697,NaN,NaN
17,9,0.6,left,\LEFT,17,122,0.6,23477.6540775634,NaN,NaN
17,9,0.6,left,\LEFT,17,123,0.6,23477.749087857,NaN,NaN
17,9,0.6,left,\LEFT,17,124,0.6,23477.8440981507,NaN,NaN
17,9,0.6,left,\LEFT,17,125,0.6,23477.9391084443,NaN,NaN
17,9,0.6,left,\LEFT,17,126,0.6,23478.034118738,NaN,NaN
17,9,0.6,left,\LEFT,17,127,0.6,23478.1291290317,NaN,NaN
17,9,0.6,left,\LEFT,17,128,0.6,23478.2241393253,NaN,NaN
17,9,0.6,left,\LEFT,17,129,0.6,23478.319149619,NaN,NaN
17,9,0.6,left,\LEFT,17,130,0.6,23478.4141599127,NaN,NaN
17,9,0.6,left,\LEFT,17,131,0.6,23478.5091702063,NaN,NaN
17,9,0.6,left,\LEFT,17,132,0.6,23478.6041805,NaN,NaN
17,9,0.6,left,\LEFT,17,133,0.6,23478.6991907936,NaN,NaN
17,9,0.6,left,\LEFT,17,134,0.6,23478.7942010873,NaN,NaN
17,9,0.6,left,\LEFT,17,135,0.6,23478.889211381,NaN,NaN
17,9,0.6,left,\LEFT,17,136,0.6,23478.9842216746,NaN,NaN
17,9,0.6,left,\LEFT,17,137,0.6,23479.0792319683,NaN,NaN
17,9,0.6,left,\LEFT,17,138,0.6,23479.174242262,NaN,NaN
17,9,0.6,left,\LEFT,17,139,0.6,23479.2692525556,NaN,NaN
17,9,0.6,left,\LEFT,17,140,0.6,23479.3642628493,NaN,NaN
17,9,0.6,left,\LEFT,17,141,0.6,23479.459273143,NaN,NaN
17,9,0.6,left,\LEFT,17,142,0.6,23479.5542834366,NaN,NaN
17,9,0.6,left,\LEFT,17,143,0.6,23479.6492937303,NaN,NaN
17,9,0.6,left,\LEFT,17,144,0.6,23479.7443040239,NaN,NaN
17,9,0.6,left,\LEFT,17,145,0.6,23479.8393143176,NaN,NaN
17,9,0.6,left,\LEFT,17,146,0.6,23479.9343246113,NaN,NaN
17,9,0.6,left,\LEFT,17,147,0.6,23480.0293349049,NaN,NaN
17,9,0.6,left,\LEFT,17,148,0.6,23480.1243451986,NaN,NaN
17,9,0.6,left,\LEFT,17,149,0.6,23480.2193554923,NaN,NaN
17,9,0.6,left,\LEFT,17,150,0.6,23480.3143657859,NaN,NaN
17,9,0.6,left,\LEFT,17,151,0.6,23480.4093760796,NaN,NaN
17,9,0.6,left,\LEFT,17,152,0.6,23480.5043863732,NaN,NaN
17,9,0.6,left,\LEFT,17,153,0.6,23480.5993966669,NaN,NaN
17,9,0.6,left,\LEFT,17,154,0.6,23480.6944069606,NaN,NaN
17,9,0.6,left,\LEFT,17,155,0.6,23480.7894172542,NaN,NaN
17,9,0.6,left,\LEFT,17,156,0.6,23480.8844275479,NaN,NaN
17,9,0.6,left,\LEFT,17,157,0.6,23480.9794378416,NaN,NaN
17,9,0.6,left,\LEFT,17,158,0.6,23481.0744481352,NaN,NaN
17,9,0.6,left,\LEFT,17,159,0.6,23481.1694584289,NaN,NaN
17,9,0.6,left,\LEFT,17,160,0.6,23481.2644687226,NaN,NaN
17,9,0.6,left,\LEFT,17,161,0.6,23481.3594790162,NaN,NaN
17,9,0.6,left,\LEFT,17,162,0.6,23481.4544893099,NaN,NaN
17,9,0.6,left,\LEFT,17,163,0.6,23481.5494996035,NaN,NaN
17,9,0.6,left,\LEFT,17,164,0.6,23481.6445098972,NaN,NaN
17,9,0.6,left,\LEFT,17,165,0.6,23481.7395201909,NaN,NaN
17,9,0.6,left,\LEFT,17,166,0.6,23481.8345304845,NaN,NaN
17,9,0.6,left,\LEFT,17,167,0.6,23481.9295407782,NaN,NaN
17,9,0.6,left,\LEFT,17,168,0.6,23482.0245510719,NaN,NaN
17,9,0.6,left,\LEFT,17,169,0.6,23482.1195613655,NaN,NaN
17,9,0.6,left,\LEFT,17,170,0.6,23482.2145716592,NaN,NaN
17,9,0.6,left,\LEFT,17,171,0.6,23482.3095819528,NaN,NaN
17,9,0.6,left,\LEFT,17,172,0.6,23482.4045922465,NaN,NaN
17,9,0.6,left,\LEFT,17,173,0.6,23482.4996025402,NaN,NaN
17,9,0.6,left,\LEFT,17,174,0.6,23482.5946128338,NaN,NaN
17,9,0.6,left,\LEFT,17,175,0.6,23482.6896231275,NaN,NaN
17,9,0.6,left,\LEFT,17,176,0.6,23482.7846334212,NaN,NaN
17,9,0.6,left,\LEFT,17,177,0.6,23482.8796437148,NaN,NaN
17,9,0.6,left,\LEFT,17,178,0.6,23482.9746540085,NaN,NaN
17,9,0.6,left,\LEFT,17,179,0.6,23483.0696643021,NaN,NaN
17,9,0.6,left,\LEFT,17,180,0.6,23483.1646745958,NaN,NaN
17,9,0.6,left,\LEFT,17,181,0.6,23483.2596848895,NaN,NaN
17,9,0.6,left,\LEFT,17,182,0.6,23483.3546951831,NaN,NaN
17,9,0.6,left,\LEFT,17,183,0.6,23483.4497054768,NaN,NaN
17,9,0.6,left,\LEFT,17,184,0.6,23483.5447157705,NaN,NaN
17,9,0.6,left,\LEFT,17,185,0.6,23483.6397260641,NaN,NaN
17,9,0.6,left,\LEFT,17,186,0.6,23483.7347363578,NaN,NaN
17,9,0.6,left,\LEFT,17,187,0.6,23483.8297466515,NaN,NaN
17,9,0.6,left,\LEFT,17,188,0.6,23483.9247569451,NaN,NaN
17,9,0.6,left,\LEFT,17,189,0.6,23484.0197672388,NaN,NaN
17,9,0.6,left,\LEFT,17,190,0.6,23484.1147775324,NaN,NaN
17,9,0.6,left,\LEFT,17,191,0.6,23484.2097878261,NaN,NaN
17,9,0.6,left,\LEFT,17,192,0.6,23484.3047981198,NaN,NaN
17,9,0.6,left,\LEFT,17,193,0.6,23484.3998084134,NaN,NaN
17,9,0.6,left,\LEFT,17,194,0.6,23484.4948187071,NaN,NaN
17,9,0.6,left,\LEFT,17,195,0.6,23484.5898290008,NaN,NaN
17,9,0.6,left,\LEFT,17,196,0.6,23484.6848392944,NaN,NaN
17,9,0.6,left,\LEFT,17,197,0.6,23484.7798495881,NaN,NaN
17,9,0.6,left,\LEFT,17,198,0.6,23484.8748598817,NaN,NaN
17,9,0.6,left,\LEFT,17,199,0.6,23484.9698701754,NaN,NaN
17,9,0.6,left,\LEFT,17,200,0.6,23485.0648804691,NaN,NaN
17,9,0.6,left,\LEFT,17,201,0.6,23485.1598907627,NaN,NaN
17,9,0.6,left,\LEFT,17,202,0.6,23485.2549010564,NaN,NaN
17,2,0.6,right,\LEFT,18,1,0,23473.2024760084,23473.2024760084,-0.000479083617392462
17,2,0.6,right,\LEFT,18,2,0,23473.2974863021,23473.2325167712,0.0195623793988489
17,2,0.6,right,\LEFT,18,3,0.015,23473.3924965958,23473.3025372249,-0.000334405554895056
17,2,0.6,right,\LEFT,18,4,0.03,23473.4875068894,23473.4025975359,-0.000232786434935406
17,2,0.6,right,\LEFT,18,5,0.045,23473.5825171831,23473.4926618675,-0.000249353037361288
17,2,0.6,right,\LEFT,18,6,0.06,23473.6775274768,23473.5927309323,-0.000224032595724566
17,2,0.6,right,\LEFT,18,7,0.075,23473.7725377704,23473.6827892269,-0.000255390168604208
17,2,0.6,right,\LEFT,18,8,0.09,23473.8675480641,23473.7828314264,0.00972851484402781
17,2,0.6,right,\LEFT,18,9,0.105,23473.9625583577,23473.8728864005,-0.000258710588241229
17,2,0.6,right,\LEFT,18,10,0.12,23474.0575686514,23473.9729826324,0.00978254716392257
17,2,0.6,right,\LEFT,18,11,0.135,23474.1525789451,23474.0630394176,-0.000256899449595949
17,2,0.6,right,\LEFT,18,12,0.15,23474.2475892387,23474.1630749763,0.00972187400111579
17,2,0.6,right,\LEFT,18,13,0.165,23474.3425995324,23474.2531326672,-0.000255993880273309
17,2,0.6,right,\LEFT,18,14,0.18,23474.4376098261,23474.3532527457,0.00980639383124071
17,2,0.6,right,\LEFT,18,15,0.195,23474.5326201197,23474.4432880991,-0.000278331262961729
17,2,0.6,right,\LEFT,18,16,0.21,23474.6276304134,23474.5433375432,0.00973575939860893
17,2,0.6,right,\LEFT,18,17,0.225,23474.7226407071,23474.6334230048,-0.000228223078011069
17,2,0.6,right,\LEFT,18,18,0.24,23474.8176510007,23474.7334790898,0.00974240024515893
17,2,0.6,right,\LEFT,18,19,0.255,23474.9126612944,23474.8235068968,-0.000285877678834368
17,2,0.6,right,\LEFT,18,20,0.27,23475.007671588,23474.9235979971,0.00977741560200229
17,2,0.6,right,\LEFT,18,21,0.285,23475.1026818817,23475.0136897977,-0.00022188408911461
17,2,0.6,right,\LEFT,18,22,0.3,23475.1976921754,23475.1033970331,-0.000606449320912361
17,2,0.6,right,\LEFT,18,23,0.315,23475.292702469,23475.2037407873,5.06568540004082e-05
17,2,0.6,right,\LEFT,18,24,0.33,23475.3877127627,23475.2938558309,-0.00019864113710355
17,2,0.6,right,\LEFT,18,25,0.345,23475.4827230564,23475.3939125196,-0.000236408715863945
17,2,0.6,right,\LEFT,18,26,0.36,23475.57773335,23475.4839901329,-0.000236071347899269
17,2,0.6,right,\LEFT,18,27,0.375,23475.6727436437,23475.5840371622,-0.000246068124397425
17,2,0.6,right,\LEFT,18,28,0.39,23475.7677539373,23475.6740933437,-0.000257503164903028
17,2,0.6,right,\LEFT,18,29,0.405,23475.862764231,23475.7741403729,-0.000246068124397425
17,2,0.6,right,\LEFT,18,30,0.42,23475.9577745247,23475.864178745,-0.000275312697340269
17,2,0.6,right,\LEFT,18,31,0.435,23476.0527848183,23475.9643009365,-0.000170905845152447
17,2,0.6,right,\LEFT,18,32,0.45,23476.147795112,23476.054359231,-0.000255390168604208
17,2,0.6,right,\LEFT,18,33,0.465,23476.2428054057,23476.1544086751,-0.000243653270445066
17,2,0.6,right,\LEFT,18,34,0.48,23476.3378156993,23476.2544747213,0.00975236150770797
17,2,0.6,right,\LEFT,18,35,0.495,23476.432825993,23476.3445064525,-0.000281953540252289
17,2,0.6,right,\LEFT,18,36,0.51,23476.5278362867,23476.4345650489,-0.000255088310950669
17,2,0.6,right,\LEFT,18,37,0.525,23476.6228465803,23476.5346335099,-0.000224636311031645
17,2,0.6,right,\LEFT,18,38,0.54,23476.717856874,23476.624711727,-0.00023546763259219
17,2,0.6,right,\LEFT,18,39,0.555,23476.8128671676,23476.7247958846,-0.000208939771255245
17,2,0.6,right,\LEFT,18,40,0.57,23476.9078774613,23476.8148535754,-0.000255993880273309
17,2,0.6,right,\LEFT,18,41,0.585,23477.002887755,23476.9149126789,-0.000233993861911586
17,2,0.6,right,\LEFT,18,42,0.6,23477.0978980486,23477.0049549751,-0.000271388562396169
17,2,0.6,right,\LEFT,18,43,0.6,23477.1929083423,23477.1050421512,-0.000205921205633786
17,2,0.6,right,\LEFT,18,44,0.6,23477.287918636,23477.1950666379,-0.000289198098471388
17,2,0.6,right,\LEFT,18,45,0.6,23477.3829289296,23477.2951441546,-0.000215580614167266
17,2,0.6,right,\LEFT,18,46,0.6,23477.4779392233,23477.385190073,-0.000267766285105608
17,2,0.6,right,\LEFT,18,47,0.6,23477.5729495169,23477.4852805696,-0.000202600785996765
17,2,0.6,right,\LEFT,18,48,0.6,23477.6679598106,23477.5753340344,-0.000260219869232969
17,2,0.6,right,\LEFT,18,49,0.6,23477.7629701043,23477.6754197013,-0.000207430486625526
17,2,0.6,right,\LEFT,18,50,0.6,23477.8579803979,23477.7654568659,-0.000276520124316448
17,2,0.6,right,\LEFT,18,51,0.6,23477.9529906916,23477.8655443439,-0.000205619347980246
17,2,0.6,right,\LEFT,18,52,0.6,23478.0480009853,23477.9555999218,-0.000258106876572128
17,2,0.6,right,\LEFT,18,53,0.6,23478.1430112789,23478.0556569123,-0.000236106858210405
17,2,0.6,right,\LEFT,18,54,0.6,23478.2380215726,23478.1457185272,-0.000252069745329209
17,2,0.6,right,\LEFT,18,55,0.6,23478.3330318662,23478.2457734047,-0.000238219854509225
17,2,0.6,right,\LEFT,18,56,0.6,23478.4280421599,23478.345835225,0.00974813551874831
17,2,0.6,right,\LEFT,18,57,0.6,23478.5230524536,23478.4359043863,-0.000244523333094548
17,2,0.6,right,\LEFT,18,58,0.6,23478.6180627472,23478.525968718,-0.00024935303372331
17,2,0.6,right,\LEFT,18,59,0.6,23478.7130730409,23478.6260362735,-0.000225541880354285
17,2,0.6,right,\LEFT,18,60,0.6,23478.8080833346,23478.7158219916,-0.000527966622030362
17,2,0.6,right,\LEFT,18,61,0.6,23478.9030936282,23478.8161606142,4.55252920801286e-05
17,2,0.6,right,\LEFT,18,62,0.6,23478.9981039219,23478.9062186069,-0.000255692022619769
17,2,0.6,right,\LEFT,18,63,0.6,23479.0931142156,23479.0062502415,-0.000261462810158264
17,2,0.6,right,\LEFT,18,64,0.6,23479.1881245092,23479.0963184973,-0.00024542889877921
17,2,0.6,right,\LEFT,18,65,0.6,23479.2831348029,23479.1964165403,-0.000195054370124126
17,2,0.6,right,\LEFT,18,66,0.6,23479.3781450965,23479.2864763441,-0.000253880883974489
17,2,0.6,right,\LEFT,18,67,0.6,23479.4731553902,23479.3865378625,-0.000231579011597205
17,2,0.6,right,\LEFT,18,68,0.6,23479.5681656839,NaN,NaN
17,2,0.6,right,\LEFT,18,69,0.6,23479.6631759775,NaN,NaN
17,2,0.6,right,\LEFT,18,70,0.6,23479.7581862712,NaN,NaN
17,2,0.6,right,\LEFT,18,71,0.6,23479.8531965649,NaN,NaN
17,2,0.6,right,\LEFT,18,72,0.6,23479.9482068585,NaN,NaN
17,2,0.6,right,\LEFT,18,73,0.6,23480.0432171522,NaN,NaN
17,2,0.6,right,\LEFT,18,74,0.6,23480.1382274458,NaN,NaN
17,2,0.6,right,\LEFT,18,75,0.6,23480.2332377395,NaN,NaN
17,2,0.6,right,\LEFT,18,76,0.6,23480.3282480332,NaN,NaN
17,2,0.6,right,\LEFT,18,77,0.6,23480.4232583268,NaN,NaN
17,2,0.6,right,\LEFT,18,78,0.6,23480.5182686205,NaN,NaN
17,2,0.6,right,\LEFT,18,79,0.6,23480.6132789142,NaN,NaN
17,2,0.6,right,\LEFT,18,80,0.6,23480.7082892078,NaN,NaN
17,2,0.6,right,\LEFT,18,81,0.6,23480.8032995015,NaN,NaN
17,2,0.6,right,\LEFT,18,82,0.6,23480.8983097952,NaN,NaN
17,2,0.6,right,\LEFT,18,83,0.6,23480.9933200888,NaN,NaN
17,2,0.6,right,\LEFT,18,84,0.6,23481.0883303825,NaN,NaN
17,2,0.6,right,\LEFT,18,85,0.6,23481.1833406761,NaN,NaN
17,2,0.6,right,\LEFT,18,86,0.6,23481.2783509698,NaN,NaN
17,2,0.6,right,\LEFT,18,87,0.6,23481.3733612635,NaN,NaN
17,2,0.6,right,\LEFT,18,88,0.6,23481.4683715571,NaN,NaN
17,2,0.6,right,\LEFT,18,89,0.6,23481.5633818508,NaN,NaN
17,2,0.6,right,\LEFT,18,90,0.6,23481.6583921445,NaN,NaN
17,2,0.6,right,\LEFT,18,91,0.6,23481.7534024381,NaN,NaN
17,2,0.6,right,\LEFT,18,92,0.6,23481.8484127318,NaN,NaN
17,2,0.6,right,\LEFT,18,93,0.6,23481.9434230254,NaN,NaN
17,2,0.6,right,\LEFT,18,94,0.6,23482.0384333191,NaN,NaN
17,2,0.6,right,\LEFT,18,95,0.6,23482.1334436128,NaN,NaN
17,2,0.6,right,\LEFT,18,96,0.6,23482.2284539064,NaN,NaN
17,2,0.6,right,\LEFT,18,97,0.6,23482.3234642001,NaN,NaN
17,2,0.6,right,\LEFT,18,98,0.6,23482.4184744938,NaN,NaN
17,2,0.6,right,\LEFT,18,99,0.6,23482.5134847874,NaN,NaN
17,2,0.6,right,\LEFT,18,100,0.6,23482.6084950811,NaN,NaN
17,2,0.6,right,\LEFT,18,101,0.6,23482.7035053748,NaN,NaN
17,2,0.6,right,\LEFT,18,102,0.6,23482.7985156684,NaN,NaN
17,2,0.6,right,\LEFT,18,103,0.6,23482.8935259621,NaN,NaN
17,2,0.6,right,\LEFT,18,104,0.6,23482.9885362557,NaN,NaN
17,2,0.6,right,\LEFT,18,105,0.6,23483.0835465494,NaN,NaN
17,2,0.6,right,\LEFT,18,106,0.6,23483.1785568431,NaN,NaN
17,2,0.6,right,\LEFT,18,107,0.6,23483.2735671367,NaN,NaN
17,2,0.6,right,\LEFT,18,108,0.6,23483.3685774304,NaN,NaN
17,2,0.6,right,\LEFT,18,109,0.6,23483.4635877241,NaN,NaN
17,2,0.6,right,\LEFT,18,110,0.6,23483.5585980177,NaN,NaN
17,2,0.6,right,\LEFT,18,111,0.6,23483.6536083114,NaN,NaN
17,2,0.6,right,\LEFT,18,112,0.6,23483.748618605,NaN,NaN
17,2,0.6,right,\LEFT,18,113,0.6,23483.8436288987,NaN,NaN
17,2,0.6,right,\LEFT,18,114,0.6,23483.9386391924,NaN,NaN
17,2,0.6,right,\LEFT,18,115,0.6,23484.033649486,NaN,NaN
17,2,0.6,right,\LEFT,18,116,0.6,23484.1286597797,NaN,NaN
17,2,0.6,right,\LEFT,18,117,0.6,23484.2236700734,NaN,NaN
17,2,0.6,right,\LEFT,18,118,0.6,23484.318680367,NaN,NaN
17,2,0.6,right,\LEFT,18,119,0.6,23484.4136906607,NaN,NaN
17,2,0.6,right,\LEFT,18,120,0.6,23484.5087009543,NaN,NaN
17,2,0.6,right,\LEFT,18,121,0.6,23484.603711248,NaN,NaN
17,2,0.6,right,\LEFT,18,122,0.6,23484.6987215417,NaN,NaN
17,2,0.6,right,\LEFT,18,123,0.6,23484.7937318353,NaN,NaN
17,2,0.6,right,\LEFT,18,124,0.6,23484.888742129,NaN,NaN
17,2,0.6,right,\LEFT,18,125,0.6,23484.9837524227,NaN,NaN
17,2,0.6,right,\LEFT,18,126,0.6,23485.0787627163,NaN,NaN
17,2,0.6,right,\LEFT,18,127,0.6,23485.17377301,NaN,NaN
17,2,0.6,right,\LEFT,18,128,0.6,23485.2687833037,NaN,NaN
17,2,0.6,right,\LEFT,18,129,0.6,23485.3637935973,NaN,NaN
17,2,0.6,right,\LEFT,18,130,0.6,23485.458803891,NaN,NaN
17,2,0.6,right,\LEFT,18,131,0.6,23485.5538141846,NaN,NaN
17,2,0.6,right,\LEFT,18,132,0.6,23485.6488244783,NaN,NaN
17,2,0.6,right,\LEFT,18,133,0.6,23485.743834772,NaN,NaN
17,2,0.6,right,\LEFT,18,134,0.6,23485.8388450656,NaN,NaN
17,2,0.6,right,\LEFT,18,135,0.6,23485.9338553593,NaN,NaN
17,2,0.6,right,\LEFT,18,136,0.6,23486.028865653,NaN,NaN
17,2,0.6,right,\LEFT,18,137,0.6,23486.1238759466,NaN,NaN
17,2,0.6,right,\LEFT,18,138,0.6,23486.2188862403,NaN,NaN
17,2,0.6,right,\LEFT,18,139,0.6,23486.3138965339,NaN,NaN
17,2,0.6,right,\LEFT,18,140,0.6,23486.4089068276,NaN,NaN
17,2,0.6,right,\LEFT,18,141,0.6,23486.5039171213,NaN,NaN
17,2,0.6,right,\LEFT,18,142,0.6,23486.5989274149,NaN,NaN
17,2,0.6,right,\LEFT,18,143,0.6,23486.6939377086,NaN,NaN
17,2,0.6,right,\LEFT,18,144,0.6,23486.7889480023,NaN,NaN
17,2,0.6,right,\LEFT,18,145,0.6,23486.8839582959,NaN,NaN
17,2,0.6,right,\LEFT,18,146,0.6,23486.9789685896,NaN,NaN
17,2,0.6,right,\LEFT,18,147,0.6,23487.0739788833,NaN,NaN
17,2,0.6,right,\LEFT,18,148,0.6,23487.1689891769,NaN,NaN
17,2,0.6,right,\LEFT,18,149,0.6,23487.2639994706,NaN,NaN
17,2,0.6,right,\LEFT,18,150,0.6,23487.3590097642,NaN,NaN
17,2,0.6,right,\LEFT,18,151,0.6,23487.4540200579,NaN,NaN
17,2,0.6,right,\LEFT,18,152,0.6,23487.5490303516,NaN,NaN
17,2,0.6,right,\LEFT,18,153,0.6,23487.6440406452,NaN,NaN
17,2,0.6,right,\LEFT,18,154,0.6,23487.7390509389,NaN,NaN
17,2,0.6,right,\LEFT,18,155,0.6,23487.8340612326,NaN,NaN
17,2,0.6,right,\LEFT,18,156,0.6,23487.9290715262,NaN,NaN
17,2,0.6,right,\LEFT,18,157,0.6,23488.0240818199,NaN,NaN
17,2,0.6,right,\LEFT,18,158,0.6,23488.1190921135,NaN,NaN
17,2,0.6,right,\LEFT,18,159,0.6,23488.2141024072,NaN,NaN
17,2,0.6,right,\LEFT,18,160,0.6,23488.3091127009,NaN,NaN
17,2,0.6,right,\LEFT,18,161,0.6,23488.4041229945,NaN,NaN
17,2,0.6,right,\LEFT,18,162,0.6,23488.4991332882,NaN,NaN
17,2,0.6,right,\LEFT,18,163,0.6,23488.5941435819,NaN,NaN
17,2,0.6,right,\LEFT,18,164,0.6,23488.6891538755,NaN,NaN
17,2,0.6,right,\LEFT,18,165,0.6,23488.7841641692,NaN,NaN
17,2,0.6,right,\LEFT,18,166,0.6,23488.8791744629,NaN,NaN
17,2,0.6,right,\LEFT,18,167,0.6,23488.9741847565,NaN,NaN
17,2,0.6,right,\LEFT,18,168,0.6,23489.0691950502,NaN,NaN
17,2,0.6,right,\LEFT,18,169,0.6,23489.1642053438,NaN,NaN
17,2,0.6,right,\LEFT,18,170,0.6,23489.2592156375,NaN,NaN
17,2,0.6,right,\LEFT,18,171,0.6,23489.3542259312,NaN,NaN
17,2,0.6,right,\LEFT,18,172,0.6,23489.4492362248,NaN,NaN
17,2,0.6,right,\LEFT,18,173,0.6,23489.5442465185,NaN,NaN
17,2,0.6,right,\LEFT,18,174,0.6,23489.6392568122,NaN,NaN
17,2,0.6,right,\LEFT,18,175,0.6,23489.7342671058,NaN,NaN
17,2,0.6,right,\LEFT,18,176,0.6,23489.8292773995,NaN,NaN
17,2,0.6,right,\LEFT,18,177,0.6,23489.9242876931,NaN,NaN
17,2,0.6,right,\LEFT,18,178,0.6,23490.0192979868,NaN,NaN
17,2,0.6,right,\LEFT,18,179,0.6,23490.1143082805,NaN,NaN
17,2,0.6,right,\LEFT,18,180,0.6,23490.2093185741,NaN,NaN
17,2,0.6,right,\LEFT,18,181,0.6,23490.3043288678,NaN,NaN
17,2,0.6,right,\LEFT,18,182,0.6,23490.3993391615,NaN,NaN
17,2,0.6,right,\LEFT,18,183,0.6,23490.4943494551,NaN,NaN
17,2,0.6,right,\LEFT,18,184,0.6,23490.5893597488,NaN,NaN
17,2,0.6,right,\LEFT,18,185,0.6,23490.6843700425,NaN,NaN
17,2,0.6,right,\LEFT,18,186,0.6,23490.7793803361,NaN,NaN
17,2,0.6,right,\LEFT,18,187,0.6,23490.8743906298,NaN,NaN
17,2,0.6,right,\LEFT,18,188,0.6,23490.9694009234,NaN,NaN
17,2,0.6,right,\LEFT,18,189,0.6,23491.0644112171,NaN,NaN
17,2,0.6,right,\LEFT,18,190,0.6,23491.1594215108,NaN,NaN
17,2,0.6,right,\LEFT,18,191,0.6,23491.2544318044,NaN,NaN
17,2,0.6,right,\LEFT,18,192,0.6,23491.3494420981,NaN,NaN
17,2,0.6,right,\LEFT,18,193,0.6,23491.4444523918,NaN,NaN
17,2,0.6,right,\LEFT,18,194,0.6,23491.5394626854,NaN,NaN
17,2,0.6,right,\LEFT,18,195,0.6,23491.6344729791,NaN,NaN
17,2,0.6,right,\LEFT,18,196,0.6,23491.7294832727,NaN,NaN
17,2,0.6,right,\LEFT,18,197,0.6,23491.8244935664,NaN,NaN
17,2,0.6,right,\LEFT,18,198,0.6,23491.9195038601,NaN,NaN
17,2,0.6,right,\LEFT,18,199,0.6,23492.0145141537,NaN,NaN
17,2,0.6,right,\LEFT,18,200,0.6,23492.1095244474,NaN,NaN
17,2,0.6,right,\LEFT,18,201,0.6,23492.2045347411,NaN,NaN
17,2,0.6,right,\LEFT,18,202,0.6,23492.2995450347,NaN,NaN
17,7,0.6,right,\RIGHT,19,1,0,23481.1676785904,23481.1676785904,-0.000473348340165103
17,7,0.6,right,\RIGHT,19,2,0,23481.2626888841,23481.2177430066,0.039586032879015
17,7,0.6,right,\RIGHT,19,3,0,23481.3576991777,23481.2677265252,-0.000412515371863265
17,7,0.6,right,\RIGHT,19,4,0,23481.4527094714,23481.3677635932,-0.000256029390584445
17,7,0.6,right,\RIGHT,19,5,0,23481.5477197651,23481.4578852776,-0.00019200029419153
17,7,0.6,right,\RIGHT,19,6,0,23481.6427300587,23481.5579501164,-0.000228258588322205
17,7,0.6,right,\RIGHT,19,7,0,23481.7377403524,23481.6480117314,-0.000252069745329209
17,7,0.6,right,\RIGHT,19,8,0.015,23481.832750646,23481.7480575532,0.00973213712131837
17,7,0.6,right,\RIGHT,19,9,0.03,23481.9277609397,23481.8381098106,-0.000261427296209149
17,7,0.6,right,\RIGHT,19,10,0.045,23482.0227712334,23481.9381858181,0.00976232277753297
17,7,0.6,right,\RIGHT,19,11,0.06,23482.117781527,23482.0282341513,-0.000265351434791228
17,7,0.6,right,\RIGHT,19,12,0.075,23482.2127918207,23482.1283361185,0.00978828243751195
17,7,0.6,right,\RIGHT,19,13,0.09,23482.3078021144,23482.2183645292,-0.000285273963527288
17,7,0.6,right,\RIGHT,19,14,0.105,23482.402812408,23482.3184426497,0.00976443577383179
17,7,0.6,right,\RIGHT,19,15,0.12,23482.4978227017,23482.4085127166,-0.000243617763771908
17,7,0.6,right,\RIGHT,19,16,0.135,23482.5928329953,23482.508645775,0.00981937366304919
17,7,0.6,right,\RIGHT,19,17,0.15,23482.687843289,23482.5986412833,-0.000318176327709807
17,7,0.6,right,\RIGHT,19,18,0.165,23482.7828535827,23482.6986641641,0.00970919602696085
17,7,0.6,right,\RIGHT,19,19,0.18,23482.8778638763,23482.7887725668,-0.000205281983653549
17,7,0.6,right,\RIGHT,19,20,0.195,23482.97287417,23482.8888298592,0.00974360767213511
17,7,0.6,right,\RIGHT,19,21,0.21,23483.0678844637,23482.978885437,-0.000258106876572128
17,7,0.6,right,\RIGHT,19,22,0.225,23483.1628947573,23483.0689938397,-0.00020528198001557
17,7,0.6,right,\RIGHT,19,23,0.24,23483.257905051,23483.1690411708,-0.000245766266743885
17,7,0.6,right,\RIGHT,19,24,0.255,23483.3529153447,23483.2590904097,-0.000264445865468588
17,7,0.6,right,\RIGHT,19,25,0.27,23483.4479256383,23483.35910997,-0.000273537069006125
17,7,0.6,right,\RIGHT,19,26,0.285,23483.542935932,23483.4492041854,-0.00021946923880023
17,7,0.6,right,\RIGHT,19,27,0.3,23483.6379462256,23483.5492161993,-0.000281083481240785
17,7,0.6,right,\RIGHT,19,28,0.315,23483.7329565193,23483.6392980387,-0.000231845358939609
17,7,0.6,right,\RIGHT,19,29,0.33,23483.827966813,23483.739376461,-0.000214675044844626
17,7,0.6,right,\RIGHT,19,30,0.345,23483.9229771066,23483.8294486409,-0.00024150476383511
17,7,0.6,right,\RIGHT,19,31,0.36,23484.0179874003,23483.9294860108,-0.000255727532930905
17,7,0.6,right,\RIGHT,19,32,0.375,23484.112997694,23484.0195769058,-0.000222789662075229
17,7,0.6,right,\RIGHT,19,33,0.39,23484.2080079876,23484.1196459706,-0.000224032595724566
17,7,0.6,right,\RIGHT,19,34,0.405,23484.3030182813,23484.2097178487,-0.000241806625126628
17,7,0.6,right,\RIGHT,19,35,0.42,23484.3980285749,23484.309766689,-0.000244256985752145
17,7,0.6,right,\RIGHT,19,36,0.435,23484.4930388686,23484.4098300185,0.00974964480337803
17,7,0.6,right,\RIGHT,19,37,0.45,23484.5880491623,23484.4998889168,-0.000254786453297129
17,7,0.6,right,\RIGHT,19,38,0.465,23484.6830594559,23484.5899384575,-0.000264144007815048
17,7,0.6,right,\RIGHT,19,39,0.48,23484.7780697496,23484.6900174835,-0.000214071329537546
17,7,0.6,right,\RIGHT,19,40,0.495,23484.8730800433,23484.7800860412,-0.000245127044763649
17,7,0.6,right,\RIGHT,19,41,0.51,23484.9680903369,23484.8801179776,-0.000261160952504724
17,7,0.6,right,\RIGHT,19,42,0.525,23485.0631006306,23484.9701472939,-0.000284368394204648
17,7,0.6,right,\RIGHT,19,43,0.54,23485.1581109243,23485.0702314515,-0.000208939771255245
17,7,0.6,right,\RIGHT,19,44,0.555,23485.2531212179,23485.1602891423,-0.00025599387663533
17,7,0.6,right,\RIGHT,19,45,0.57,23485.3481315116,23485.2603823556,-0.000199884074390866
17,7,0.6,right,\RIGHT,19,46,0.585,23485.4431418052,23485.3504433669,-0.000252673460636288
17,7,0.6,right,\RIGHT,19,47,0.6,23485.5381520989,23485.450492811,-0.000243653270445066
17,7,0.6,right,\RIGHT,19,48,0.6,23485.6331623926,23485.5405601612,-0.000246334471739829
17,7,0.6,right,\RIGHT,19,49,0.6,23485.7281726862,23485.6405655343,-0.000287724327790784
17,7,0.6,right,\RIGHT,19,50,0.6,23485.8231829799,23485.7306226214,-0.000256597591942409
17,7,0.6,right,\RIGHT,19,51,0.6,23485.9181932736,23485.8307674521,-0.000148266604810487
17,7,0.6,right,\RIGHT,19,52,0.6,23486.0132035672,23485.9208169928,-0.000264144007815048
17,7,0.6,right,\RIGHT,19,53,0.6,23486.1082138609,23486.020883039,-0.000227051161346026
17,7,0.6,right,\RIGHT,19,54,0.6,23486.2032241545,23486.1109500874,-0.000246636325755389
17,7,0.6,right,\RIGHT,19,55,0.6,23486.2982344482,23486.2110152281,-0.000227956734306645
17,7,0.6,right,\RIGHT,19,56,0.6,23486.3932447419,23486.3010792579,-0.000249654891376849
17,7,0.6,right,\RIGHT,19,57,0.6,23486.4882550355,23486.401101233,-0.000271122218691744
17,7,0.6,right,\RIGHT,19,58,0.6,23486.5832653292,23486.5012243301,0.00980941239686217
17,7,0.6,right,\RIGHT,19,59,0.6,23486.6782756229,23486.5912464019,-0.000291612952423748
17,7,0.6,right,\RIGHT,19,60,0.6,23486.7732859165,23486.6812769256,-0.000283160967228469
17,7,0.6,right,\RIGHT,19,61,0.6,23486.8682962102,23486.7813568572,-0.000213165763852885
17,7,0.6,right,\RIGHT,19,62,0.6,23486.9633065039,23486.8714139443,-0.000256597591942409
17,7,0.6,right,\RIGHT,19,63,0.6,23487.0583167975,23486.9715038372,-0.000203204494027887
17,7,0.6,right,\RIGHT,19,64,0.6,23487.1533270912,23487.0615717911,-0.000245730756432749
17,7,0.6,right,\RIGHT,19,65,0.6,23487.2483373848,23487.1616215371,-0.000243351416429505
17,7,0.6,right,\RIGHT,19,66,0.6,23487.3433476785,23487.251689491,-0.000245730760070728
17,7,0.6,right,\RIGHT,19,67,0.6,23487.4383579722,23487.35176248,-0.000220108460780466
17,7,0.6,right,\RIGHT,19,68,0.6,23487.5333682658,23487.441836471,-0.00023969362518983
17,7,0.6,right,\RIGHT,19,69,0.6,23487.6283785595,23487.5418961783,-0.000233390150242485
17,7,0.6,right,\RIGHT,19,70,0.6,23487.7233888532,23487.6319451152,-0.000264747719484149
17,7,0.6,right,\RIGHT,19,71,0.6,23487.8183991468,23487.7319815795,-0.000256633105891524
17,7,0.6,right,\RIGHT,19,72,0.6,23487.9134094405,23487.8220380629,-0.00025720130361151
17,7,0.6,right,\RIGHT,19,73,0.6,23488.0084197341,23487.9221406338,-0.000190526523510925
17,7,0.6,right,\RIGHT,19,74,0.6,23488.1034300278,23488.0121916837,-0.000262634723185329
17,7,0.6,right,\RIGHT,19,75,0.6,23488.1984403215,23488.1122613522,-0.000223428884055465
17,7,0.6,right,\RIGHT,19,76,0.6,23488.2934506151,23488.2022985168,-0.000276520124316448
17,7,0.6,right,\RIGHT,19,77,0.6,23488.3884609088,23488.302353998,-0.000237616142840125
17,7,0.6,right,\RIGHT,19,78,0.6,23488.4834712025,23488.3924165186,-0.00025116417236859
17,7,0.6,right,\RIGHT,19,79,0.6,23488.5784814961,23488.4925076189,-0.000201997070689686
17,7,0.6,right,\RIGHT,19,80,0.6,23488.6734917898,23488.5825429723,-0.000278331262961729
17,7,0.6,right,\RIGHT,19,81,0.6,23488.7685020834,23488.6826201872,-0.000215882471820805
17,7,0.6,right,\RIGHT,19,82,0.6,23488.8635123771,23488.7726914616,-0.00024241033315775
17,7,0.6,right,\RIGHT,19,83,0.6,23488.9585226708,23488.8727590171,-0.000225541880354285
17,7,0.6,right,\RIGHT,19,84,0.6,23489.0535329644,23488.9628115763,-0.000261125442193588
17,7,0.6,right,\RIGHT,19,85,0.6,23489.1485432581,23489.0628842634,-0.000220410318434006
17,7,0.6,right,\RIGHT,19,86,0.6,23489.2435535518,23489.1529253521,-0.000272595989372348
17,7,0.6,right,\RIGHT,19,87,0.6,23489.3385638454,23489.2529859649,-0.000232484580919845
17,7,0.6,right,\RIGHT,19,88,0.6,23489.4335741391,23489.3430346,-0.000265049577137688
17,7,0.6,right,\RIGHT,19,89,0.6,23489.5285844328,23489.4431413968,-0.000186300527275307
17,7,0.6,right,\RIGHT,19,90,0.6,23489.6235947264,23489.5331519981,-0.000303083499602508
17,7,0.6,right,\RIGHT,19,91,0.6,23489.7186050201,23489.6332364575,-0.000208637913601706
17,7,0.6,right,\RIGHT,19,92,0.6,23489.8136153137,23489.7233270507,-0.000223091519728769
17,7,0.6,right,\RIGHT,19,93,0.6,23489.9086256074,23489.8233665335,-0.000253614536632085
17,7,0.6,right,\RIGHT,19,94,0.6,23490.0036359011,23489.9134109427,-0.000269275566097349
17,7,0.6,right,\RIGHT,19,95,0.6,23490.0986461947,23490.0134972133,-0.000206826774956426
17,7,0.6,right,\RIGHT,19,96,0.6,23490.1936564884,23490.1035663746,-0.000244523333094548
17,7,0.6,right,\RIGHT,19,97,0.6,23490.2886667821,23490.2036106872,-0.000248784832365345
17,7,0.6,right,\RIGHT,19,98,0.6,23490.3836770757,23490.2936997711,-0.000224600800720509
17,7,0.6,right,\RIGHT,19,99,0.6,23490.4786873694,23490.3937229537,-0.000269914791715564
17,7,0.6,right,\RIGHT,19,100,0.6,23490.573697663,23490.483809019,-0.00022761936270399
17,7,0.6,right,\RIGHT,19,101,0.6,23490.6687079567,23490.5838717448,-0.000230371584621025
17,7,0.6,right,\RIGHT,19,102,0.6,23490.7637182504,23490.673958112,-0.000227317508688429
17,7,0.6,right,\RIGHT,19,103,0.6,23490.858728544,NaN,NaN
17,7,0.6,right,\RIGHT,19,104,0.6,23490.9537388377,NaN,NaN
17,7,0.6,right,\RIGHT,19,105,0.6,23491.0487491314,NaN,NaN
17,7,0.6,right,\RIGHT,19,106,0.6,23491.143759425,NaN,NaN
17,7,0.6,right,\RIGHT,19,107,0.6,23491.2387697187,NaN,NaN
17,7,0.6,right,\RIGHT,19,108,0.6,23491.3337800124,NaN,NaN
17,7,0.6,right,\RIGHT,19,109,0.6,23491.428790306,NaN,NaN
17,7,0.6,right,\RIGHT,19,110,0.6,23491.5238005997,NaN,NaN
17,7,0.6,right,\RIGHT,19,111,0.6,23491.6188108933,NaN,NaN
17,7,0.6,right,\RIGHT,19,112,0.6,23491.713821187,NaN,NaN
17,7,0.6,right,\RIGHT,19,113,0.6,23491.8088314807,NaN,NaN
17,7,0.6,right,\RIGHT,19,114,0.6,23491.9038417743,NaN,NaN
17,7,0.6,right,\RIGHT,19,115,0.6,23491.998852068,NaN,NaN
17,7,0.6,right,\RIGHT,19,116,0.6,23492.0938623617,NaN,NaN
17,7,0.6,right,\RIGHT,19,117,0.6,23492.1888726553,NaN,NaN
17,7,0.6,right,\RIGHT,19,118,0.6,23492.283882949,NaN,NaN
17,7,0.6,right,\RIGHT,19,119,0.6,23492.3788932426,NaN,NaN
17,7,0.6,right,\RIGHT,19,120,0.6,23492.4739035363,NaN,NaN
17,7,0.6,right,\RIGHT,19,121,0.6,23492.56891383,NaN,NaN
17,7,0.6,right,\RIGHT,19,122,0.6,23492.6639241236,NaN,NaN
17,7,0.6,right,\RIGHT,19,123,0.6,23492.7589344173,NaN,NaN
17,7,0.6,right,\RIGHT,19,124,0.6,23492.853944711,NaN,NaN
17,7,0.6,right,\RIGHT,19,125,0.6,23492.9489550046,NaN,NaN
17,7,0.6,right,\RIGHT,19,126,0.6,23493.0439652983,NaN,NaN
17,7,0.6,right,\RIGHT,19,127,0.6,23493.138975592,NaN,NaN
17,7,0.6,right,\RIGHT,19,128,0.6,23493.2339858856,NaN,NaN
17,7,0.6,right,\RIGHT,19,129,0.6,23493.3289961793,NaN,NaN
17,7,0.6,right,\RIGHT,19,130,0.6,23493.4240064729,NaN,NaN
17,7,0.6,right,\RIGHT,19,131,0.6,23493.5190167666,NaN,NaN
17,7,0.6,right,\RIGHT,19,132,0.6,23493.6140270603,NaN,NaN
17,7,0.6,right,\RIGHT,19,133,0.6,23493.7090373539,NaN,NaN
17,7,0.6,right,\RIGHT,19,134,0.6,23493.8040476476,NaN,NaN
17,7,0.6,right,\RIGHT,19,135,0.6,23493.8990579413,NaN,NaN
17,7,0.6,right,\RIGHT,19,136,0.6,23493.9940682349,NaN,NaN
17,7,0.6,right,\RIGHT,19,137,0.6,23494.0890785286,NaN,NaN
17,7,0.6,right,\RIGHT,19,138,0.6,23494.1840888222,NaN,NaN
17,7,0.6,right,\RIGHT,19,139,0.6,23494.2790991159,NaN,NaN
17,7,0.6,right,\RIGHT,19,140,0.6,23494.3741094096,NaN,NaN
17,7,0.6,right,\RIGHT,19,141,0.6,23494.4691197032,NaN,NaN
17,7,0.6,right,\RIGHT,19,142,0.6,23494.5641299969,NaN,NaN
17,7,0.6,right,\RIGHT,19,143,0.6,23494.6591402906,NaN,NaN
17,7,0.6,right,\RIGHT,19,144,0.6,23494.7541505842,NaN,NaN
17,7,0.6,right,\RIGHT,19,145,0.6,23494.8491608779,NaN,NaN
17,7,0.6,right,\RIGHT,19,146,0.6,23494.9441711715,NaN,NaN
17,7,0.6,right,\RIGHT,19,147,0.6,23495.0391814652,NaN,NaN
17,7,0.6,right,\RIGHT,19,148,0.6,23495.1341917589,NaN,NaN
17,7,0.6,right,\RIGHT,19,149,0.6,23495.2292020525,NaN,NaN
17,7,0.6,right,\RIGHT,19,150,0.6,23495.3242123462,NaN,NaN
17,7,0.6,right,\RIGHT,19,151,0.6,23495.4192226399,NaN,NaN
17,7,0.6,right,\RIGHT,19,152,0.6,23495.5142329335,NaN,NaN
17,7,0.6,right,\RIGHT,19,153,0.6,23495.6092432272,NaN,NaN
17,7,0.6,right,\RIGHT,19,154,0.6,23495.7042535209,NaN,NaN
17,7,0.6,right,\RIGHT,19,155,0.6,23495.7992638145,NaN,NaN
17,7,0.6,right,\RIGHT,19,156,0.6,23495.8942741082,NaN,NaN
17,7,0.6,right,\RIGHT,19,157,0.6,23495.9892844018,NaN,NaN
17,7,0.6,right,\RIGHT,19,158,0.6,23496.0842946955,NaN,NaN
17,7,0.6,right,\RIGHT,19,159,0.6,23496.1793049892,NaN,NaN
17,7,0.6,right,\RIGHT,19,160,0.6,23496.2743152828,NaN,NaN
17,7,0.6,right,\RIGHT,19,161,0.6,23496.3693255765,NaN,NaN
17,7,0.6,right,\RIGHT,19,162,0.6,23496.4643358702,NaN,NaN
17,7,0.6,right,\RIGHT,19,163,0.6,23496.5593461638,NaN,NaN
17,7,0.6,right,\RIGHT,19,164,0.6,23496.6543564575,NaN,NaN
17,7,0.6,right,\RIGHT,19,165,0.6,23496.7493667511,NaN,NaN
17,7,0.6,right,\RIGHT,19,166,0.6,23496.8443770448,NaN,NaN
17,7,0.6,right,\RIGHT,19,167,0.6,23496.9393873385,NaN,NaN
17,7,0.6,right,\RIGHT,19,168,0.6,23497.0343976321,NaN,NaN
17,7,0.6,right,\RIGHT,19,169,0.6,23497.1294079258,NaN,NaN
17,7,0.6,right,\RIGHT,19,170,0.6,23497.2244182195,NaN,NaN
17,7,0.6,right,\RIGHT,19,171,0.6,23497.3194285131,NaN,NaN
17,7,0.6,right,\RIGHT,19,172,0.6,23497.4144388068,NaN,NaN
17,7,0.6,right,\RIGHT,19,173,0.6,23497.5094491005,NaN,NaN
17,7,0.6,right,\RIGHT,19,174,0.6,23497.6044593941,NaN,NaN
17,7,0.6,right,\RIGHT,19,175,0.6,23497.6994696878,NaN,NaN
17,7,0.6,right,\RIGHT,19,176,0.6,23497.7944799814,NaN,NaN
17,7,0.6,right,\RIGHT,19,177,0.6,23497.8894902751,NaN,NaN
17,7,0.6,right,\RIGHT,19,178,0.6,23497.9845005688,NaN,NaN
17,7,0.6,right,\RIGHT,19,179,0.6,23498.0795108624,NaN,NaN
17,7,0.6,right,\RIGHT,19,180,0.6,23498.1745211561,NaN,NaN
17,7,0.6,right,\RIGHT,19,181,0.6,23498.2695314498,NaN,NaN
17,7,0.6,right,\RIGHT,19,182,0.6,23498.3645417434,NaN,NaN
17,7,0.6,right,\RIGHT,19,183,0.6,23498.4595520371,NaN,NaN
17,7,0.6,right,\RIGHT,19,184,0.6,23498.5545623307,NaN,NaN
17,7,0.6,right,\RIGHT,19,185,0.6,23498.6495726244,NaN,NaN
17,7,0.6,right,\RIGHT,19,186,0.6,23498.7445829181,NaN,NaN
17,7,0.6,right,\RIGHT,19,187,0.6,23498.8395932117,NaN,NaN
17,7,0.6,right,\RIGHT,19,188,0.6,23498.9346035054,NaN,NaN
17,7,0.6,right,\RIGHT,19,189,0.6,23499.0296137991,NaN,NaN
17,7,0.6,right,\RIGHT,19,190,0.6,23499.1246240927,NaN,NaN
17,7,0.6,right,\RIGHT,19,191,0.6,23499.2196343864,NaN,NaN
17,7,0.6,right,\RIGHT,19,192,0.6,23499.31464468,NaN,NaN
17,7,0.6,right,\RIGHT,19,193,0.6,23499.4096549737,NaN,NaN
17,7,0.6,right,\RIGHT,19,194,0.6,23499.5046652674,NaN,NaN
17,7,0.6,right,\RIGHT,19,195,0.6,23499.599675561,NaN,NaN
17,7,0.6,right,\RIGHT,19,196,0.6,23499.6946858547,NaN,NaN
17,7,0.6,right,\RIGHT,19,197,0.6,23499.7896961484,NaN,NaN
17,7,0.6,right,\RIGHT,19,198,0.6,23499.884706442,NaN,NaN
17,7,0.6,right,\RIGHT,19,199,0.6,23499.9797167357,NaN,NaN
17,7,0.6,right,\RIGHT,19,200,0.6,23500.0747270294,NaN,NaN
17,7,0.6,right,\RIGHT,19,201,0.6,23500.169737323,NaN,NaN
17,7,0.6,right,\RIGHT,19,202,0.6,23500.2647476167,NaN,NaN
17,6,0.6,left,\RIGHT,20,1,0,23492.5151613484,23492.5151613484,-0.000461274077679263
17,6,0.6,left,\RIGHT,20,2,0,23492.610171642,23492.5651723359,0.0395326042671513
17,6,0.6,left,\RIGHT,20,3,0,23492.7051819357,23492.6151833235,-0.000385046423616586
17,6,0.6,left,\RIGHT,20,4,0,23492.8001922293,23492.7152270323,-0.000249388547672424
17,6,0.6,left,\RIGHT,20,5,0,23492.895202523,23492.8053435852,-0.000197131852473831
17,6,0.6,left,\RIGHT,20,6,0,23492.9902128167,23492.905418989,-0.000217693610466085
17,6,0.6,left,\RIGHT,20,7,0.015,23493.0852231103,23492.9954842262,-0.000248447468038648
17,6,0.6,left,\RIGHT,20,8,0.03,23493.180233404,23493.0955273313,0.00972942041335045
17,6,0.6,left,\RIGHT,20,9,0.045,23493.2752436977,23493.185583211,-0.000257805018918589
17,6,0.6,left,\RIGHT,20,10,0.06,23493.3702539913,23493.2856540869,0.00975719121561269
17,6,0.6,left,\RIGHT,20,11,0.075,23493.465264285,23493.3757160037,-0.000251767887675669
17,6,0.6,left,\RIGHT,20,12,0.09,23493.5602745787,23493.4757911056,0.00976141720457235
17,6,0.6,left,\RIGHT,20,13,0.105,23493.6552848723,23493.5658400426,-0.000264747719484149
17,6,0.6,left,\RIGHT,20,14,0.12,23493.750295166,23493.6659033721,0.00974964480337803
17,6,0.6,left,\RIGHT,20,15,0.135,23493.8453054596,23493.7559598555,-0.000257201307249488
17,6,0.6,left,\RIGHT,20,16,0.15,23493.9403157533,23493.856073595,0.00980005484234425
17,6,0.6,left,\RIGHT,20,17,0.165,23494.035326047,23493.9461300784,-0.00025720130361151
17,6,0.6,left,\RIGHT,20,18,0.18,23494.1303363406,23494.0461795225,0.00973575939860893
17,6,0.6,left,\RIGHT,20,19,0.195,23494.2253466343,23494.1361843885,-0.000308818773191888
17,6,0.6,left,\RIGHT,20,20,0.21,23494.320356928,23494.2362920909,0.00979401771110133
17,6,0.6,left,\RIGHT,20,21,0.225,23494.4153672216,23494.3263150682,-0.000290707379463129
17,6,0.6,left,\RIGHT,20,22,0.24,23494.5103775153,23494.4160645635,-0.000564189405849902
17,6,0.6,left,\RIGHT,20,23,0.255,23494.6053878089,23494.5165142694,0.000156608497491106
17,6,0.6,left,\RIGHT,20,24,0.27,23494.7003981026,23494.6065435857,-0.000284368394204648
17,6,0.6,left,\RIGHT,20,25,0.285,23494.7954083963,23494.7065851815,-0.000251501543971244
17,6,0.6,left,\RIGHT,20,26,0.3,23494.8904186899,23494.7966431742,-0.000255692022619769
17,6,0.6,left,\RIGHT,20,27,0.315,23494.9854289836,23494.8967125408,-0.000223730738071026
17,6,0.6,left,\RIGHT,20,28,0.33,23495.0804392773,23494.9867590629,-0.000267162573436508
17,6,0.6,left,\RIGHT,20,29,0.345,23495.1754495709,23495.0868341648,-0.000217995464481646
17,6,0.6,left,\RIGHT,20,30,0.36,23495.2704598646,23495.1768939687,-0.000253880883974489
17,6,0.6,left,\RIGHT,20,31,0.375,23495.3654701582,23495.2769684669,-0.000218599179788725
17,6,0.6,left,\RIGHT,20,32,0.39,23495.4604804519,23495.3670177057,-0.000264445865468588
17,6,0.6,left,\RIGHT,20,33,0.405,23495.5554907456,23495.4670375679,-0.000273235211352585
17,6,0.6,left,\RIGHT,20,34,0.42,23495.6505010392,23495.5571338963,-0.00021735624250141
17,6,0.6,left,\RIGHT,20,35,0.435,23495.7455113329,23495.6571975277,-0.000229466015298385
17,6,0.6,left,\RIGHT,20,36,0.45,23495.8405216266,23495.7572656869,0.00975447450400679
17,6,0.6,left,\RIGHT,20,37,0.465,23495.9355319202,23495.8473439039,-0.00023546763259219
17,6,0.6,left,\RIGHT,20,38,0.48,23496.0305422139,23495.9373711073,-0.000286481390503468
17,6,0.6,left,\RIGHT,20,39,0.495,23496.1255525076,23496.037459189,-0.000205015636311146
17,6,0.6,left,\RIGHT,20,40,0.51,23496.2205628012,23496.1275371042,-0.00023576949024573
17,6,0.6,left,\RIGHT,20,41,0.525,23496.3155730949,23496.227604056,-0.000226145595661365
17,6,0.6,left,\RIGHT,20,42,0.54,23496.4105833885,23496.3176273352,-0.000290405521809589
17,6,0.6,left,\RIGHT,20,43,0.555,23496.5055936822,23496.4177066631,-0.000213769475521985
17,6,0.6,left,\RIGHT,20,44,0.57,23496.6006039759,23496.5077652595,-0.000255088310950669
17,6,0.6,left,\RIGHT,20,45,0.585,23496.6956142695,23496.6078364372,-0.000221919603063725
17,6,0.6,left,\RIGHT,20,46,0.6,23496.7906245632,23496.6978883928,-0.000261729153862689
17,6,0.6,left,\RIGHT,20,47,0.6,23496.8856348569,23496.7979327053,-0.000248784832365345
17,6,0.6,left,\RIGHT,20,48,0.6,23496.9806451505,23496.8880163558,-0.00023003421665635
17,6,0.6,left,\RIGHT,20,49,0.6,23497.0756554442,23496.9880814964,-0.000227956734306645
17,6,0.6,left,\RIGHT,20,50,0.6,23497.1706657378,23497.0781422058,-0.00025297531101387
17,6,0.6,left,\RIGHT,20,51,0.6,23497.2656760315,23497.1782052335,-0.000230069730605464
17,6,0.6,left,\RIGHT,20,52,0.6,23497.3606863252,23497.2682780171,-0.000240901052166009
17,6,0.6,left,\RIGHT,20,53,0.6,23497.4556966188,23497.3683401392,-0.000230975296290126
17,6,0.6,left,\RIGHT,20,54,0.6,23497.5507069125,23497.4583818316,-0.000271992277703248
17,6,0.6,left,\RIGHT,20,55,0.6,23497.6457172062,23497.5584605558,-0.000214373187191086
17,6,0.6,left,\RIGHT,20,56,0.6,23497.7407274998,23497.6484835331,-0.000290707383101108
17,6,0.6,left,\RIGHT,20,57,0.6,23497.8357377935,23497.7485631629,-0.000213467617868446
17,6,0.6,left,\RIGHT,20,58,0.6,23497.9307480872,23497.8486747894,0.00979794184604543
17,6,0.6,left,\RIGHT,20,59,0.6,23498.0257583808,23497.9386678829,-0.000320591178024188
17,6,0.6,left,\RIGHT,20,60,0.6,23498.1207686745,23498.0287421759,-0.00023939176753629
17,6,0.6,left,\RIGHT,20,61,0.6,23498.2157789681,23498.1288396152,-0.000195658085431205
17,6,0.6,left,\RIGHT,20,62,0.6,23498.3107892618,23498.2188891559,-0.000264144004177069
17,6,0.6,left,\RIGHT,20,63,0.6,23498.4057995555,23498.3189452408,-0.000237012431171024
17,6,0.6,left,\RIGHT,20,64,0.6,23498.5008098491,23498.4090153077,-0.00024361776013393
17,6,0.6,left,\RIGHT,20,65,0.6,23498.5958201428,23498.5090789391,-0.000229466015298385
17,6,0.6,left,\RIGHT,20,66,0.6,23498.6908304365,23498.5991155,-0.000277123835985549
17,6,0.6,left,\RIGHT,20,67,0.6,23498.7858407301,23498.6992192782,-0.000189319096534746
17,6,0.6,left,\RIGHT,20,68,0.6,23498.8808510238,23498.7892639892,-0.000268973712081788
17,6,0.6,left,\RIGHT,20,69,0.6,23498.9758613174,23498.8893342614,-0.000222825168748386
17,6,0.6,left,\RIGHT,20,70,0.6,23499.0708716111,23498.9793880281,-0.000259918015217409
17,6,0.6,left,\RIGHT,20,71,0.6,23499.1658819048,23499.079461017,-0.000220108464418445
17,6,0.6,left,\RIGHT,20,72,0.6,23499.2608921984,23499.1694719201,-0.000302781641948968
17,6,0.6,left,\RIGHT,20,73,0.6,23499.3559024921,23499.2695778114,-0.000187206100235926
17,6,0.6,left,\RIGHT,20,74,0.6,23499.4509127858,23499.3596355022,-0.000255993880273309
17,6,0.6,left,\RIGHT,20,75,0.6,23499.5459230794,23499.4596955113,-0.000233088292588945
17,6,0.6,left,\RIGHT,20,76,0.6,23499.6409333731,23499.5497631634,-0.000246032614086289
17,6,0.6,left,\RIGHT,20,77,0.6,23499.7359436668,23499.6498286059,-0.000227654876653105
17,6,0.6,left,\RIGHT,20,78,0.6,23499.8309539604,23499.7398938431,-0.00024844746440067
17,6,0.6,left,\RIGHT,20,79,0.6,23499.9259642541,23499.8399553615,-0.000231579011597205
17,6,0.6,left,\RIGHT,20,80,0.6,23500.0209745477,23499.9299738109,-0.000295235229714308
17,6,0.6,left,\RIGHT,20,81,0.6,23500.1159848414,23500.0300809096,-0.000185998673259746
17,6,0.6,left,\RIGHT,20,82,0.6,23500.2109951351,23500.1201379967,-0.000256597591942409
17,6,0.6,left,\RIGHT,20,83,0.6,23500.3060054287,23500.220185026,-0.000246068124397425
17,6,0.6,left,\RIGHT,20,84,0.6,23500.4010157224,23500.310263243,-0.000235467636230169
17,6,0.6,left,\RIGHT,20,85,0.6,23500.4960260161,23500.4103289874,-0.000227353018999565
17,6,0.6,left,\RIGHT,20,86,0.6,23500.5910363097,23500.5004017711,-0.000240901052166009
17,6,0.6,left,\RIGHT,20,87,0.6,23500.6860466034,NaN,NaN
17,6,0.6,left,\RIGHT,20,88,0.6,23500.781056897,NaN,NaN
17,6,0.6,left,\RIGHT,20,89,0.6,23500.8760671907,NaN,NaN
17,6,0.6,left,\RIGHT,20,90,0.6,23500.9710774844,NaN,NaN
17,6,0.6,left,\RIGHT,20,91,0.6,23501.066087778,NaN,NaN
17,6,0.6,left,\RIGHT,20,92,0.6,23501.1610980717,NaN,NaN
17,6,0.6,left,\RIGHT,20,93,0.6,23501.2561083654,NaN,NaN
17,6,0.6,left,\RIGHT,20,94,0.6,23501.351118659,NaN,NaN
17,6,0.6,left,\RIGHT,20,95,0.6,23501.4461289527,NaN,NaN
17,6,0.6,left,\RIGHT,20,96,0.6,23501.5411392464,NaN,NaN
17,6,0.6,left,\RIGHT,20,97,0.6,23501.63614954,NaN,NaN
17,6,0.6,left,\RIGHT,20,98,0.6,23501.7311598337,NaN,NaN
17,6,0.6,left,\RIGHT,20,99,0.6,23501.8261701273,NaN,NaN
17,6,0.6,left,\RIGHT,20,100,0.6,23501.921180421,NaN,NaN
17,6,0.6,left,\RIGHT,20,101,0.6,23502.0161907147,NaN,NaN
17,6,0.6,left,\RIGHT,20,102,0.6,23502.1112010083,NaN,NaN
17,6,0.6,left,\RIGHT,20,103,0.6,23502.206211302,NaN,NaN
17,6,0.6,left,\RIGHT,20,104,0.6,23502.3012215957,NaN,NaN
17,6,0.6,left,\RIGHT,20,105,0.6,23502.3962318893,NaN,NaN
17,6,0.6,left,\RIGHT,20,106,0.6,23502.491242183,NaN,NaN
17,6,0.6,left,\RIGHT,20,107,0.6,23502.5862524766,NaN,NaN
17,6,0.6,left,\RIGHT,20,108,0.6,23502.6812627703,NaN,NaN
17,6,0.6,left,\RIGHT,20,109,0.6,23502.776273064,NaN,NaN
17,6,0.6,left,\RIGHT,20,110,0.6,23502.8712833576,NaN,NaN
17,6,0.6,left,\RIGHT,20,111,0.6,23502.9662936513,NaN,NaN
17,6,0.6,left,\RIGHT,20,112,0.6,23503.061303945,NaN,NaN
17,6,0.6,left,\RIGHT,20,113,0.6,23503.1563142386,NaN,NaN
17,6,0.6,left,\RIGHT,20,114,0.6,23503.2513245323,NaN,NaN
17,6,0.6,left,\RIGHT,20,115,0.6,23503.346334826,NaN,NaN
17,6,0.6,left,\RIGHT,20,116,0.6,23503.4413451196,NaN,NaN
17,6,0.6,left,\RIGHT,20,117,0.6,23503.5363554133,NaN,NaN
17,6,0.6,left,\RIGHT,20,118,0.6,23503.6313657069,NaN,NaN
17,6,0.6,left,\RIGHT,20,119,0.6,23503.7263760006,NaN,NaN
17,6,0.6,left,\RIGHT,20,120,0.6,23503.8213862943,NaN,NaN
17,6,0.6,left,\RIGHT,20,121,0.6,23503.9163965879,NaN,NaN
17,6,0.6,left,\RIGHT,20,122,0.6,23504.0114068816,NaN,NaN
17,6,0.6,left,\RIGHT,20,123,0.6,23504.1064171753,NaN,NaN
17,6,0.6,left,\RIGHT,20,124,0.6,23504.2014274689,NaN,NaN
17,6,0.6,left,\RIGHT,20,125,0.6,23504.2964377626,NaN,NaN
17,6,0.6,left,\RIGHT,20,126,0.6,23504.3914480562,NaN,NaN
17,6,0.6,left,\RIGHT,20,127,0.6,23504.4864583499,NaN,NaN
17,6,0.6,left,\RIGHT,20,128,0.6,23504.5814686436,NaN,NaN
17,6,0.6,left,\RIGHT,20,129,0.6,23504.6764789372,NaN,NaN
17,6,0.6,left,\RIGHT,20,130,0.6,23504.7714892309,NaN,NaN
17,6,0.6,left,\RIGHT,20,131,0.6,23504.8664995246,NaN,NaN
17,6,0.6,left,\RIGHT,20,132,0.6,23504.9615098182,NaN,NaN
17,6,0.6,left,\RIGHT,20,133,0.6,23505.0565201119,NaN,NaN
17,6,0.6,left,\RIGHT,20,134,0.6,23505.1515304055,NaN,NaN
17,6,0.6,left,\RIGHT,20,135,0.6,23505.2465406992,NaN,NaN
17,6,0.6,left,\RIGHT,20,136,0.6,23505.3415509929,NaN,NaN
17,6,0.6,left,\RIGHT,20,137,0.6,23505.4365612865,NaN,NaN
17,6,0.6,left,\RIGHT,20,138,0.6,23505.5315715802,NaN,NaN
17,6,0.6,left,\RIGHT,20,139,0.6,23505.6265818739,NaN,NaN
17,6,0.6,left,\RIGHT,20,140,0.6,23505.7215921675,NaN,NaN
17,6,0.6,left,\RIGHT,20,141,0.6,23505.8166024612,NaN,NaN
17,6,0.6,left,\RIGHT,20,142,0.6,23505.9116127549,NaN,NaN
17,6,0.6,left,\RIGHT,20,143,0.6,23506.0066230485,NaN,NaN
17,6,0.6,left,\RIGHT,20,144,0.6,23506.1016333422,NaN,NaN
17,6,0.6,left,\RIGHT,20,145,0.6,23506.1966436358,NaN,NaN
17,6,0.6,left,\RIGHT,20,146,0.6,23506.2916539295,NaN,NaN
17,6,0.6,left,\RIGHT,20,147,0.6,23506.3866642232,NaN,NaN
17,6,0.6,left,\RIGHT,20,148,0.6,23506.4816745168,NaN,NaN
17,6,0.6,left,\RIGHT,20,149,0.6,23506.5766848105,NaN,NaN
17,6,0.6,left,\RIGHT,20,150,0.6,23506.6716951042,NaN,NaN
17,6,0.6,left,\RIGHT,20,151,0.6,23506.7667053978,NaN,NaN
17,6,0.6,left,\RIGHT,20,152,0.6,23506.8617156915,NaN,NaN
17,6,0.6,left,\RIGHT,20,153,0.6,23506.9567259851,NaN,NaN
17,6,0.6,left,\RIGHT,20,154,0.6,23507.0517362788,NaN,NaN
17,6,0.6,left,\RIGHT,20,155,0.6,23507.1467465725,NaN,NaN
17,6,0.6,left,\RIGHT,20,156,0.6,23507.2417568661,NaN,NaN
17,6,0.6,left,\RIGHT,20,157,0.6,23507.3367671598,NaN,NaN
17,6,0.6,left,\RIGHT,20,158,0.6,23507.4317774535,NaN,NaN
17,6,0.6,left,\RIGHT,20,159,0.6,23507.5267877471,NaN,NaN
17,6,0.6,left,\RIGHT,20,160,0.6,23507.6217980408,NaN,NaN
17,6,0.6,left,\RIGHT,20,161,0.6,23507.7168083345,NaN,NaN
17,6,0.6,left,\RIGHT,20,162,0.6,23507.8118186281,NaN,NaN
17,6,0.6,left,\RIGHT,20,163,0.6,23507.9068289218,NaN,NaN
17,6,0.6,left,\RIGHT,20,164,0.6,23508.0018392154,NaN,NaN
17,6,0.6,left,\RIGHT,20,165,0.6,23508.0968495091,NaN,NaN
17,6,0.6,left,\RIGHT,20,166,0.6,23508.1918598028,NaN,NaN
17,6,0.6,left,\RIGHT,20,167,0.6,23508.2868700964,NaN,NaN
17,6,0.6,left,\RIGHT,20,168,0.6,23508.3818803901,NaN,NaN
17,6,0.6,left,\RIGHT,20,169,0.6,23508.4768906838,NaN,NaN
17,6,0.6,left,\RIGHT,20,170,0.6,23508.5719009774,NaN,NaN
17,6,0.6,left,\RIGHT,20,171,0.6,23508.6669112711,NaN,NaN
17,6,0.6,left,\RIGHT,20,172,0.6,23508.7619215647,NaN,NaN
17,6,0.6,left,\RIGHT,20,173,0.6,23508.8569318584,NaN,NaN
17,6,0.6,left,\RIGHT,20,174,0.6,23508.9519421521,NaN,NaN
17,6,0.6,left,\RIGHT,20,175,0.6,23509.0469524457,NaN,NaN
17,6,0.6,left,\RIGHT,20,176,0.6,23509.1419627394,NaN,NaN
17,6,0.6,left,\RIGHT,20,177,0.6,23509.2369730331,NaN,NaN
17,6,0.6,left,\RIGHT,20,178,0.6,23509.3319833267,NaN,NaN
17,6,0.6,left,\RIGHT,20,179,0.6,23509.4269936204,NaN,NaN
17,6,0.6,left,\RIGHT,20,180,0.6,23509.5220039141,NaN,NaN
17,6,0.6,left,\RIGHT,20,181,0.6,23509.6170142077,NaN,NaN
17,6,0.6,left,\RIGHT,20,182,0.6,23509.7120245014,NaN,NaN
17,6,0.6,left,\RIGHT,20,183,0.6,23509.807034795,NaN,NaN
17,6,0.6,left,\RIGHT,20,184,0.6,23509.9020450887,NaN,NaN
17,6,0.6,left,\RIGHT,20,185,0.6,23509.9970553824,NaN,NaN
17,6,0.6,left,\RIGHT,20,186,0.6,23510.092065676,NaN,NaN
17,6,0.6,left,\RIGHT,20,187,0.6,23510.1870759697,NaN,NaN
17,6,0.6,left,\RIGHT,20,188,0.6,23510.2820862634,NaN,NaN
17,6,0.6,left,\RIGHT,20,189,0.6,23510.377096557,NaN,NaN
17,6,0.6,left,\RIGHT,20,190,0.6,23510.4721068507,NaN,NaN
17,6,0.6,left,\RIGHT,20,191,0.6,23510.5671171443,NaN,NaN
17,6,0.6,left,\RIGHT,20,192,0.6,23510.662127438,NaN,NaN
17,6,0.6,left,\RIGHT,20,193,0.6,23510.7571377317,NaN,NaN
17,6,0.6,left,\RIGHT,20,194,0.6,23510.8521480253,NaN,NaN
17,6,0.6,left,\RIGHT,20,195,0.6,23510.947158319,NaN,NaN
17,6,0.6,left,\RIGHT,20,196,0.6,23511.0421686127,NaN,NaN
17,6,0.6,left,\RIGHT,20,197,0.6,23511.1371789063,NaN,NaN
17,6,0.6,left,\RIGHT,20,198,0.6,23511.2321892,NaN,NaN
17,6,0.6,left,\RIGHT,20,199,0.6,23511.3271994936,NaN,NaN
17,6,0.6,left,\RIGHT,20,200,0.6,23511.4222097873,NaN,NaN
17,6,0.6,left,\RIGHT,20,201,0.6,23511.517220081,NaN,NaN
17,6,0.6,left,\RIGHT,20,202,0.6,23511.6122303746,NaN,NaN
17,1,0.6,right,\RIGHT,21,1,0,23510.1767077232,23510.1767077232,-0.000520136105478741
17,1,0.6,right,\RIGHT,21,2,0.015,23510.2717180168,23510.2067551267,0.0195690202417609
17,1,0.6,right,\RIGHT,21,3,0.03,23510.3667283105,23510.2768196516,-0.000290334497549338
17,1,0.6,right,\RIGHT,21,4,0.045,23510.4617386042,23510.3768733217,-0.000239427281485405
17,1,0.6,right,\RIGHT,21,5,0.06,23510.5567488978,23510.4669273902,-0.000259616157563869
17,1,0.6,right,\RIGHT,21,6,0.075,23510.6517591915,23510.5670163775,-0.000204110066988505
17,1,0.6,right,\RIGHT,21,7,0.09,23510.7467694852,23510.6570610885,-0.000268973712081788
17,1,0.6,right,\RIGHT,21,8,0.105,23510.8417797788,23510.7571189846,0.00974421138380421
17,1,0.6,right,\RIGHT,21,9,0.12,23510.9367900725,23510.8471736569,-0.00025901244225679
17,1,0.6,right,\RIGHT,21,10,0.135,23511.0318003661,23510.9472716999,0.00978435830256785
17,1,0.6,right,\RIGHT,21,11,0.15,23511.1268106598,23511.037299205,-0.000286179536487907
17,1,0.6,right,\RIGHT,21,12,0.165,23511.2218209535,23511.1373486491,0.00973575940224691
17,1,0.6,right,\RIGHT,21,13,0.18,23511.3168312471,23511.2274163012,-0.000246032614086289
17,1,0.6,right,\RIGHT,21,14,0.195,23511.4118415408,23511.3274962328,0.00976624690883909
17,1,0.6,right,\RIGHT,21,15,0.21,23511.5068518345,23511.4175478865,-0.00026203100787825
17,1,0.6,right,\RIGHT,21,16,0.225,23511.6018621281,23511.5175997455,0.00973817425256129
17,1,0.6,right,\RIGHT,21,17,0.24,23511.6968724218,23511.6076800755,-0.000233354639931349
17,1,0.6,right,\RIGHT,21,18,0.255,23511.7918827155,23511.7077421976,0.00974843737640185
17,1,0.6,right,\RIGHT,21,19,0.27,23511.8868930091,23511.797824037,-0.000231845358939609
17,1,0.6,right,\RIGHT,21,20,0.285,23511.9819033028,23511.8978650291,0.00972730741705163
17,1,0.6,right,\RIGHT,21,21,0.3,23512.0769135964,23511.9879043066,-0.000274407128017629
17,1,0.6,right,\RIGHT,21,22,0.315,23512.1719238901,23512.0780069741,-0.00021101725360495
17,1,0.6,right,\RIGHT,21,23,0.33,23512.2669341838,23512.1780198936,-0.000280177915556123
17,1,0.6,right,\RIGHT,21,24,0.345,23512.3619444774,23512.2681059589,-0.00022761936270399
17,1,0.6,right,\RIGHT,21,25,0.36,23512.4569547711,23512.3681834757,-0.000215580614167266
17,1,0.6,right,\RIGHT,21,26,0.375,23512.5519650648,23512.4582239606,-0.000273199704679428
17,1,0.6,right,\RIGHT,21,27,0.39,23512.6469753584,23512.5583238148,-0.000193243227840867
17,1,0.6,right,\RIGHT,21,28,0.405,23512.7419856521,23512.6483591682,-0.000278331262961729
17,1,0.6,right,\RIGHT,21,29,0.42,23512.8369959457,23512.7484031789,-0.000249086693656864
17,1,0.6,right,\RIGHT,21,30,0.435,23512.9320062394,23512.838472944,-0.000243919617787469
17,1,0.6,right,\RIGHT,21,31,0.45,23513.0270165331,23512.9385275197,-0.000238521708524786
17,1,0.6,right,\RIGHT,21,32,0.465,23513.1220268267,23513.0286057367,-0.000235467636230169
17,1,0.6,right,\RIGHT,21,33,0.48,23513.2170371204,23513.1286787256,-0.000220108460780466
17,1,0.6,right,\RIGHT,21,34,0.495,23513.3120474141,23513.2287188122,0.00972640184409101
17,1,0.6,right,\RIGHT,21,35,0.51,23513.4070577077,23513.3187662399,-0.000266257000475889
17,1,0.6,right,\RIGHT,21,36,0.525,23513.5020680014,23513.408836005,-0.000243919617787469
17,1,0.6,right,\RIGHT,21,37,0.54,23513.5970782951,23513.5089358591,-0.000193243231478846
17,1,0.6,right,\RIGHT,21,38,0.555,23513.6920885887,23513.5989452529,-0.000304290922940709
17,1,0.6,right,\RIGHT,21,39,0.57,23513.7870988824,23513.6990457107,-0.000192639519809745
17,1,0.6,right,\RIGHT,21,40,0.585,23513.882109176,23513.7891079294,-0.000251466030022129
17,1,0.6,right,\RIGHT,21,41,0.6,23513.9771194697,23513.8891748812,-0.000226145595661365
17,1,0.6,right,\RIGHT,21,42,0.6,23514.0721297634,23513.9792014808,-0.000287085102172568
17,1,0.6,right,\RIGHT,21,43,0.6,23514.167140057,23514.0793239742,-0.000170603987498907
17,1,0.6,right,\RIGHT,21,44,0.6,23514.2621503507,23514.1693704963,-0.000267162573436508
17,1,0.6,right,\RIGHT,21,45,0.6,23514.3571606444,23514.2694468056,-0.000216788041143445
17,1,0.6,right,\RIGHT,21,46,0.6,23514.452170938,23514.3594501623,-0.000310328054183628
17,1,0.6,right,\RIGHT,21,47,0.6,23514.5471812317,23514.4595469979,-0.000196261797100306
17,1,0.6,right,\RIGHT,21,48,0.6,23514.6421915253,23514.5496043868,-0.000256295734288869
17,1,0.6,right,\RIGHT,21,49,0.6,23514.737201819,23514.6496646978,-0.000232786438573385
17,1,0.6,right,\RIGHT,21,50,0.6,23514.8322121127,23514.7397251053,-0.000253277172305388
17,1,0.6,right,\RIGHT,21,51,0.6,23514.9272224063,23514.8397938682,-0.000224334453378106
17,1,0.6,right,\RIGHT,21,52,0.6,23515.0222327,23514.929857898,-0.000249654891376849
17,1,0.6,right,\RIGHT,21,53,0.6,23515.1172429937,23515.029918209,-0.000232786438573385
17,1,0.6,right,\RIGHT,21,54,0.6,23515.2122532873,23515.1199840499,-0.000247843752731569
17,1,0.6,right,\RIGHT,21,55,0.6,23515.307263581,23515.2200558314,-0.000221315887756646
17,1,0.6,right,\RIGHT,21,56,0.6,23515.4022738747,23515.3201040681,0.00973455197527073
17,1,0.6,right,\RIGHT,21,57,0.6,23515.4972841683,23515.4101735313,-0.000244221475441009
17,1,0.6,right,\RIGHT,21,58,0.6,23515.592294462,23515.5001859436,-0.000301272360957228
17,1,0.6,right,\RIGHT,21,59,0.6,23515.6873047556,23515.6002969665,-0.000182074538315646
17,1,0.6,right,\RIGHT,21,60,0.6,23515.7823150493,23515.6903646185,-0.000246032614086289
17,1,0.6,right,\RIGHT,21,61,0.6,23515.877325343,23515.790446965,-0.000210750909900526
17,1,0.6,right,\RIGHT,21,62,0.6,23515.9723356366,23515.8804829222,-0.000277727547654649
17,1,0.6,right,\RIGHT,21,63,0.6,23516.0673459303,23515.980535083,-0.000240936566115124
17,1,0.6,right,\RIGHT,21,64,0.6,23516.162356224,23516.0706066592,-0.000242108479142189
17,1,0.6,right,\RIGHT,21,65,0.6,23516.2573665176,23516.1706817611,-0.000217995464481646
17,1,0.6,right,\RIGHT,21,66,0.6,23516.3523768113,23516.2607352259,-0.000260219872870948
17,1,0.6,right,\RIGHT,21,67,0.6,23516.4473871049,23516.3607581067,-0.000270216645731125
17,1,0.6,right,\RIGHT,21,68,0.6,23516.5423973986,23516.4508517184,-0.000220072954107309
17,1,0.6,right,\RIGHT,21,69,0.6,23516.6374076923,23516.550918972,-0.000225843734369846
17,1,0.6,right,\RIGHT,21,70,0.6,23516.7324179859,23516.6409470809,-0.000285575821180828
17,1,0.6,right,\RIGHT,21,71,0.6,23516.8274282796,23516.741034559,-0.000205619347980246
17,1,0.6,right,\RIGHT,21,72,0.6,23516.9224385733,23516.8311194169,-0.000228826793318149
17,1,0.6,right,\RIGHT,21,73,0.6,23517.0174488669,23516.9311573904,-0.000255123821261805
17,1,0.6,right,\RIGHT,21,74,0.6,23517.1124591606,23517.0212141757,-0.00025689944595797
17,1,0.6,right,\RIGHT,21,75,0.6,23517.2074694543,23517.1212932017,-0.000214071333175525
17,1,0.6,right,\RIGHT,21,76,0.6,23517.3024797479,23517.211324631,-0.000282255397905828
17,1,0.6,right,\RIGHT,21,77,0.6,23517.3974900416,23517.3114269,-0.000190828377526486
17,1,0.6,right,\RIGHT,21,78,0.6,23517.4925003352,23517.4014628572,-0.000277727551292628
17,1,0.6,right,\RIGHT,21,79,0.6,23517.5875106289,23517.5015361479,-0.000219806606764905
17,1,0.6,right,\RIGHT,21,80,0.6,23517.6825209226,23517.5915606345,-0.000289198098471388
17,1,0.6,right,\RIGHT,21,81,0.6,23517.7775312162,23517.6916740722,-0.000179659684363287
17,1,0.6,right,\RIGHT,21,82,0.6,23517.8725415099,23517.7817263296,-0.000261427299847128
17,1,0.6,right,\RIGHT,21,83,0.6,23517.9675518036,23517.8817923758,-0.000227051161346026
17,1,0.6,right,\RIGHT,21,84,0.6,23518.0625620972,23517.9718494629,-0.000256597591942409
17,1,0.6,right,\RIGHT,21,85,0.6,23518.1575723909,23518.0719206407,-0.000221919603063725
17,1,0.6,right,\RIGHT,21,86,0.6,23518.2525826845,23518.1619786334,-0.000255692022619769
17,1,0.6,right,\RIGHT,21,87,0.6,23518.3475929782,23518.2620513204,-0.000220410318434006
17,1,0.6,right,\RIGHT,21,88,0.6,23518.4426032719,23518.3521068983,-0.000258106876572128
17,1,0.6,right,\RIGHT,21,89,0.6,23518.5376135655,23518.4521635869,-0.000236408715863945
17,1,0.6,right,\RIGHT,21,90,0.6,23518.6326238592,23518.5422197685,-0.000257503161265049
17,1,0.6,right,\RIGHT,21,91,0.6,23518.7276341529,23518.6423039261,-0.000208939771255245
17,1,0.6,right,\RIGHT,21,92,0.6,23518.8226444465,23518.7323441092,-0.000273501558694988
17,1,0.6,right,\RIGHT,21,93,0.6,23518.9176547402,23518.8324282668,-0.000208939771255245
17,1,0.6,right,\RIGHT,21,94,0.6,23519.0126650339,NaN,NaN
17,1,0.6,right,\RIGHT,21,95,0.6,23519.1076753275,NaN,NaN
17,1,0.6,right,\RIGHT,21,96,0.6,23519.2026856212,NaN,NaN
17,1,0.6,right,\RIGHT,21,97,0.6,23519.2976959148,NaN,NaN
17,1,0.6,right,\RIGHT,21,98,0.6,23519.3927062085,NaN,NaN
17,1,0.6,right,\RIGHT,21,99,0.6,23519.4877165022,NaN,NaN
17,1,0.6,right,\RIGHT,21,100,0.6,23519.5827267958,NaN,NaN
17,1,0.6,right,\RIGHT,21,101,0.6,23519.6777370895,NaN,NaN
17,1,0.6,right,\RIGHT,21,102,0.6,23519.7727473832,NaN,NaN
17,1,0.6,right,\RIGHT,21,103,0.6,23519.8677576768,NaN,NaN
17,1,0.6,right,\RIGHT,21,104,0.6,23519.9627679705,NaN,NaN
17,1,0.6,right,\RIGHT,21,105,0.6,23520.0577782641,NaN,NaN
17,1,0.6,right,\RIGHT,21,106,0.6,23520.1527885578,NaN,NaN
17,1,0.6,right,\RIGHT,21,107,0.6,23520.2477988515,NaN,NaN
17,1,0.6,right,\RIGHT,21,108,0.6,23520.3428091451,NaN,NaN
17,1,0.6,right,\RIGHT,21,109,0.6,23520.4378194388,NaN,NaN
17,1,0.6,right,\RIGHT,21,110,0.6,23520.5328297325,NaN,NaN
17,1,0.6,right,\RIGHT,21,111,0.6,23520.6278400261,NaN,NaN
17,1,0.6,right,\RIGHT,21,112,0.6,23520.7228503198,NaN,NaN
17,1,0.6,right,\RIGHT,21,113,0.6,23520.8178606134,NaN,NaN
17,1,0.6,right,\RIGHT,21,114,0.6,23520.9128709071,NaN,NaN
17,1,0.6,right,\RIGHT,21,115,0.6,23521.0078812008,NaN,NaN
17,1,0.6,right,\RIGHT,21,116,0.6,23521.1028914944,NaN,NaN
17,1,0.6,right,\RIGHT,21,117,0.6,23521.1979017881,NaN,NaN
17,1,0.6,right,\RIGHT,21,118,0.6,23521.2929120818,NaN,NaN
17,1,0.6,right,\RIGHT,21,119,0.6,23521.3879223754,NaN,NaN
17,1,0.6,right,\RIGHT,21,120,0.6,23521.4829326691,NaN,NaN
17,1,0.6,right,\RIGHT,21,121,0.6,23521.5779429628,NaN,NaN
17,1,0.6,right,\RIGHT,21,122,0.6,23521.6729532564,NaN,NaN
17,1,0.6,right,\RIGHT,21,123,0.6,23521.7679635501,NaN,NaN
17,1,0.6,right,\RIGHT,21,124,0.6,23521.8629738437,NaN,NaN
17,1,0.6,right,\RIGHT,21,125,0.6,23521.9579841374,NaN,NaN
17,1,0.6,right,\RIGHT,21,126,0.6,23522.0529944311,NaN,NaN
17,1,0.6,right,\RIGHT,21,127,0.6,23522.1480047247,NaN,NaN
17,1,0.6,right,\RIGHT,21,128,0.6,23522.2430150184,NaN,NaN
17,1,0.6,right,\RIGHT,21,129,0.6,23522.3380253121,NaN,NaN
17,1,0.6,right,\RIGHT,21,130,0.6,23522.4330356057,NaN,NaN
17,1,0.6,right,\RIGHT,21,131,0.6,23522.5280458994,NaN,NaN
17,1,0.6,right,\RIGHT,21,132,0.6,23522.623056193,NaN,NaN
17,1,0.6,right,\RIGHT,21,133,0.6,23522.7180664867,NaN,NaN
17,1,0.6,right,\RIGHT,21,134,0.6,23522.8130767804,NaN,NaN
17,1,0.6,right,\RIGHT,21,135,0.6,23522.908087074,NaN,NaN
17,1,0.6,right,\RIGHT,21,136,0.6,23523.0030973677,NaN,NaN
17,1,0.6,right,\RIGHT,21,137,0.6,23523.0981076614,NaN,NaN
17,1,0.6,right,\RIGHT,21,138,0.6,23523.193117955,NaN,NaN
17,1,0.6,right,\RIGHT,21,139,0.6,23523.2881282487,NaN,NaN
17,1,0.6,right,\RIGHT,21,140,0.6,23523.3831385424,NaN,NaN
17,1,0.6,right,\RIGHT,21,141,0.6,23523.478148836,NaN,NaN
17,1,0.6,right,\RIGHT,21,142,0.6,23523.5731591297,NaN,NaN
17,1,0.6,right,\RIGHT,21,143,0.6,23523.6681694233,NaN,NaN
17,1,0.6,right,\RIGHT,21,144,0.6,23523.763179717,NaN,NaN
17,1,0.6,right,\RIGHT,21,145,0.6,23523.8581900107,NaN,NaN
17,1,0.6,right,\RIGHT,21,146,0.6,23523.9532003043,NaN,NaN
17,1,0.6,right,\RIGHT,21,147,0.6,23524.048210598,NaN,NaN
17,1,0.6,right,\RIGHT,21,148,0.6,23524.1432208917,NaN,NaN
17,1,0.6,right,\RIGHT,21,149,0.6,23524.2382311853,NaN,NaN
17,1,0.6,right,\RIGHT,21,150,0.6,23524.333241479,NaN,NaN
17,1,0.6,right,\RIGHT,21,151,0.6,23524.4282517726,NaN,NaN
17,1,0.6,right,\RIGHT,21,152,0.6,23524.5232620663,NaN,NaN
17,1,0.6,right,\RIGHT,21,153,0.6,23524.61827236,NaN,NaN
17,1,0.6,right,\RIGHT,21,154,0.6,23524.7132826536,NaN,NaN
17,1,0.6,right,\RIGHT,21,155,0.6,23524.8082929473,NaN,NaN
17,1,0.6,right,\RIGHT,21,156,0.6,23524.903303241,NaN,NaN
17,1,0.6,right,\RIGHT,21,157,0.6,23524.9983135346,NaN,NaN
17,1,0.6,right,\RIGHT,21,158,0.6,23525.0933238283,NaN,NaN
17,1,0.6,right,\RIGHT,21,159,0.6,23525.1883341219,NaN,NaN
17,1,0.6,right,\RIGHT,21,160,0.6,23525.2833444156,NaN,NaN
17,1,0.6,right,\RIGHT,21,161,0.6,23525.3783547093,NaN,NaN
17,1,0.6,right,\RIGHT,21,162,0.6,23525.4733650029,NaN,NaN
17,1,0.6,right,\RIGHT,21,163,0.6,23525.5683752966,NaN,NaN
17,1,0.6,right,\RIGHT,21,164,0.6,23525.6633855903,NaN,NaN
17,1,0.6,right,\RIGHT,21,165,0.6,23525.7583958839,NaN,NaN
17,1,0.6,right,\RIGHT,21,166,0.6,23525.8534061776,NaN,NaN
17,1,0.6,right,\RIGHT,21,167,0.6,23525.9484164713,NaN,NaN
17,1,0.6,right,\RIGHT,21,168,0.6,23526.0434267649,NaN,NaN
17,1,0.6,right,\RIGHT,21,169,0.6,23526.1384370586,NaN,NaN
17,1,0.6,right,\RIGHT,21,170,0.6,23526.2334473522,NaN,NaN
17,1,0.6,right,\RIGHT,21,171,0.6,23526.3284576459,NaN,NaN
17,1,0.6,right,\RIGHT,21,172,0.6,23526.4234679396,NaN,NaN
17,1,0.6,right,\RIGHT,21,173,0.6,23526.5184782332,NaN,NaN
17,1,0.6,right,\RIGHT,21,174,0.6,23526.6134885269,NaN,NaN
17,1,0.6,right,\RIGHT,21,175,0.6,23526.7084988206,NaN,NaN
17,1,0.6,right,\RIGHT,21,176,0.6,23526.8035091142,NaN,NaN
17,1,0.6,right,\RIGHT,21,177,0.6,23526.8985194079,NaN,NaN
17,1,0.6,right,\RIGHT,21,178,0.6,23526.9935297015,NaN,NaN
17,1,0.6,right,\RIGHT,21,179,0.6,23527.0885399952,NaN,NaN
17,1,0.6,right,\RIGHT,21,180,0.6,23527.1835502889,NaN,NaN
17,1,0.6,right,\RIGHT,21,181,0.6,23527.2785605825,NaN,NaN
17,1,0.6,right,\RIGHT,21,182,0.6,23527.3735708762,NaN,NaN
17,1,0.6,right,\RIGHT,21,183,0.6,23527.4685811699,NaN,NaN
17,1,0.6,right,\RIGHT,21,184,0.6,23527.5635914635,NaN,NaN
17,1,0.6,right,\RIGHT,21,185,0.6,23527.6586017572,NaN,NaN
17,1,0.6,right,\RIGHT,21,186,0.6,23527.7536120509,NaN,NaN
17,1,0.6,right,\RIGHT,21,187,0.6,23527.8486223445,NaN,NaN
17,1,0.6,right,\RIGHT,21,188,0.6,23527.9436326382,NaN,NaN
17,1,0.6,right,\RIGHT,21,189,0.6,23528.0386429318,NaN,NaN
17,1,0.6,right,\RIGHT,21,190,0.6,23528.1336532255,NaN,NaN
17,1,0.6,right,\RIGHT,21,191,0.6,23528.2286635192,NaN,NaN
17,1,0.6,right,\RIGHT,21,192,0.6,23528.3236738128,NaN,NaN
17,1,0.6,right,\RIGHT,21,193,0.6,23528.4186841065,NaN,NaN
17,1,0.6,right,\RIGHT,21,194,0.6,23528.5136944002,NaN,NaN
17,1,0.6,right,\RIGHT,21,195,0.6,23528.6087046938,NaN,NaN
17,1,0.6,right,\RIGHT,21,196,0.6,23528.7037149875,NaN,NaN
17,1,0.6,right,\RIGHT,21,197,0.6,23528.7987252811,NaN,NaN
17,1,0.6,right,\RIGHT,21,198,0.6,23528.8937355748,NaN,NaN
17,1,0.6,right,\RIGHT,21,199,0.6,23528.9887458685,NaN,NaN
17,1,0.6,right,\RIGHT,21,200,0.6,23529.0837561621,NaN,NaN
17,1,0.6,right,\RIGHT,21,201,0.6,23529.1787664558,NaN,NaN
17,1,0.6,right,\RIGHT,21,202,0.6,23529.2737767495,NaN,NaN
17,2,0.6,left,\LEFT,22,1,0,23520.3834106287,23520.3834106287,-0.000525267663761042
17,2,0.6,left,\LEFT,22,2,0,23520.4784209224,23520.4035031055,0.00961409345836728
17,2,0.6,left,\LEFT,22,3,0.015,23520.5734312161,23520.4834754675,-0.000361910009814892
17,2,0.6,left,\LEFT,22,4,0.03,23520.6684415097,23520.5835550973,-0.000213467617868446
17,2,0.6,left,\LEFT,22,5,0.045,23520.7634518034,23520.673646596,-0.00022218594676815
17,2,0.6,left,\LEFT,22,6,0.06,23520.858462097,23520.7737159627,0.00975568193098297
17,2,0.6,left,\LEFT,22,7,0.075,23520.9534723907,23520.8637440715,-0.000285575817542849
17,2,0.6,left,\LEFT,22,8,0.09,23521.0484826844,23520.9637974398,0.00973968353355303
17,2,0.6,left,\LEFT,22,9,0.105,23521.143492978,23521.0538469805,-0.000264144007815048
17,2,0.6,left,\LEFT,22,10,0.12,23521.2385032717,23521.1539637386,0.00980307341160369
17,2,0.6,left,\LEFT,22,11,0.135,23521.3335135654,23521.2439960735,-0.000281349828583188
17,2,0.6,left,\LEFT,22,12,0.15,23521.428523859,23521.3440385749,0.00972881669804337
17,2,0.6,left,\LEFT,22,13,0.165,23521.5235341527,23521.4340944545,-0.000257805018918589
17,2,0.6,left,\LEFT,22,14,0.18,23521.6185444464,23521.534191592,0.00978345273324521
17,2,0.6,left,\LEFT,22,15,0.195,23521.71355474,23521.624236303,-0.000268973712081788
17,2,0.6,left,\LEFT,22,16,0.21,23521.8085650337,23521.724328007,0.00977801931730937
17,2,0.6,left,\LEFT,22,17,0.225,23521.9035753273,23521.8143739254,-0.000267766285105608
17,2,0.6,left,\LEFT,22,18,0.24,23521.998585621,23521.9144137101,0.00972609999007545
17,2,0.6,left,\LEFT,22,19,0.255,23522.0935959147,23522.0045000773,-0.000227317505050451
17,2,0.6,left,\LEFT,22,20,0.27,23522.1886062083,23522.1045609919,0.00974722994578769
17,2,0.6,left,\LEFT,22,21,0.285,23522.283616502,23522.1945957417,-0.000278934974630829
17,2,0.6,left,\LEFT,22,22,0.3,23522.3786267957,23522.2847171242,-0.00019230215184507
17,2,0.6,left,\LEFT,22,23,0.315,23522.4736370893,23522.3847179694,-0.000292252174403984
17,2,0.6,left,\LEFT,22,24,0.33,23522.568647383,23522.4747976957,-0.00023395835160045
17,2,0.6,left,\LEFT,22,25,0.345,23522.6636576766,23522.5748691754,-0.000221617745410185
17,2,0.6,left,\LEFT,22,26,0.36,23522.7586679703,23522.6649326015,-0.000250258606683929
17,2,0.6,left,\LEFT,22,27,0.375,23522.853678264,23522.764985366,-0.000240332850808045
17,2,0.6,left,\LEFT,22,28,0.39,23522.9486885576,23522.85503219,-0.00026686071214499
17,2,0.6,left,\LEFT,22,29,0.405,23523.0436988513,23522.9551266107,-0.000198676647414686
17,2,0.6,left,\LEFT,22,30,0.42,23523.138709145,23523.0451646809,-0.000275614554993808
17,2,0.6,left,\LEFT,22,31,0.435,23523.2337194386,23523.1452594034,-0.000198374793399125
17,2,0.6,left,\LEFT,22,32,0.45,23523.3287297323,23523.2352799659,-0.000293122233415488
17,2,0.6,left,\LEFT,22,33,0.465,23523.423740026,23523.3353973277,-0.000175735549419187
17,2,0.6,left,\LEFT,22,34,0.48,23523.5187503196,23523.4354108509,0.00969983846880496
17,2,0.6,left,\LEFT,22,35,0.495,23523.6137606133,23523.525465825,-0.000258710588241229
17,2,0.6,left,\LEFT,22,36,0.51,23523.7087709069,23523.6155621535,-0.00021735624250141
17,2,0.6,left,\LEFT,22,37,0.525,23523.8037812006,23523.7156315201,-0.000223730738071026
17,2,0.6,left,\LEFT,22,38,0.54,23523.8987914943,23523.8056880035,-0.000257201307249488
17,2,0.6,left,\LEFT,22,39,0.555,23523.9938017879,23523.9057268826,-0.000254218251939164
17,2,0.6,left,\LEFT,22,40,0.57,23524.0888120816,23523.9958229092,-0.000217658096516971
17,2,0.6,left,\LEFT,22,41,0.585,23524.1838223753,23524.0958720515,-0.000243955131736584
17,2,0.6,left,\LEFT,22,42,0.6,23524.2788326689,23524.185919781,-0.000265955142822349
17,2,0.6,left,\LEFT,22,43,0.6,23524.3738429626,23524.2859994108,-0.000213467621506425
17,2,0.6,left,\LEFT,22,44,0.6,23524.4688532562,23524.3760640443,-0.00024905117606977
17,2,0.6,left,\LEFT,22,45,0.6,23524.5638635499,23524.4760902454,-0.000266896226094104
17,2,0.6,left,\LEFT,22,46,0.6,23524.6588738436,23524.5661778201,-0.000226110085350228
17,2,0.6,left,\LEFT,22,47,0.6,23524.7538841372,23524.6662474886,-0.000223428884055465
17,2,0.6,left,\LEFT,22,48,0.6,23524.8488944309,23524.7563060849,-0.00025508830731269
17,2,0.6,left,\LEFT,22,49,0.6,23524.9439047246,23524.8563718293,-0.000227353022637544
17,2,0.6,left,\LEFT,22,50,0.6,23525.0389150182,23524.9464168421,-0.00026867185079027
17,2,0.6,left,\LEFT,22,51,0.6,23525.1339253119,23525.0464949626,-0.000214976902498165
17,2,0.6,left,\LEFT,22,52,0.6,23525.2289356055,23525.1365559739,-0.000252673456998309
17,2,0.6,left,\LEFT,22,53,0.6,23525.3239458992,23525.2366289628,-0.000220108464418445
17,2,0.6,left,\LEFT,22,54,0.6,23525.4189561929,23525.3266845406,-0.00025810687293415
17,2,0.6,left,\LEFT,22,55,0.6,23525.5139664865,23525.4267581332,-0.000219504749111366
17,2,0.6,left,\LEFT,22,56,0.6,23525.6089767802,23525.5268290091,0.00975719121197471
17,2,0.6,left,\LEFT,22,57,0.6,23525.7039870739,23525.6168999816,-0.000242712190811289
17,2,0.6,left,\LEFT,22,58,0.6,23525.7989973675,23525.7069190348,-0.000294631518045207
17,2,0.6,left,\LEFT,22,59,0.6,23525.8940076612,23525.8069926275,-0.000219504749111366
17,2,0.6,left,\LEFT,22,60,0.6,23525.9890179549,23525.8970506201,-0.000255692022619769
17,2,0.6,left,\LEFT,22,61,0.6,23526.0840282485,23525.9971208923,-0.000222825168748386
17,2,0.6,left,\LEFT,22,62,0.6,23526.1790385422,23526.0871761683,-0.000258408734225668
17,2,0.6,left,\LEFT,22,63,0.6,23526.2740488358,23526.1872425164,-0.000226749307330465
17,2,0.6,left,\LEFT,22,64,0.6,23526.3690591295,23526.2773059425,-0.00025025860304595
17,2,0.6,left,\LEFT,22,65,0.6,23526.4640694232,NaN,NaN
17,2,0.6,left,\LEFT,22,66,0.6,23526.5590797168,NaN,NaN
17,2,0.6,left,\LEFT,22,67,0.6,23526.6540900105,NaN,NaN
17,2,0.6,left,\LEFT,22,68,0.6,23526.7491003042,NaN,NaN
17,2,0.6,left,\LEFT,22,69,0.6,23526.8441105978,NaN,NaN
17,2,0.6,left,\LEFT,22,70,0.6,23526.9391208915,NaN,NaN
17,2,0.6,left,\LEFT,22,71,0.6,23527.0341311851,NaN,NaN
17,2,0.6,left,\LEFT,22,72,0.6,23527.1291414788,NaN,NaN
17,2,0.6,left,\LEFT,22,73,0.6,23527.2241517725,NaN,NaN
17,2,0.6,left,\LEFT,22,74,0.6,23527.3191620661,NaN,NaN
17,2,0.6,left,\LEFT,22,75,0.6,23527.4141723598,NaN,NaN
17,2,0.6,left,\LEFT,22,76,0.6,23527.5091826535,NaN,NaN
17,2,0.6,left,\LEFT,22,77,0.6,23527.6041929471,NaN,NaN
17,2,0.6,left,\LEFT,22,78,0.6,23527.6992032408,NaN,NaN
17,2,0.6,left,\LEFT,22,79,0.6,23527.7942135345,NaN,NaN
17,2,0.6,left,\LEFT,22,80,0.6,23527.8892238281,NaN,NaN
17,2,0.6,left,\LEFT,22,81,0.6,23527.9842341218,NaN,NaN
17,2,0.6,left,\LEFT,22,82,0.6,23528.0792444154,NaN,NaN
17,2,0.6,left,\LEFT,22,83,0.6,23528.1742547091,NaN,NaN
17,2,0.6,left,\LEFT,22,84,0.6,23528.2692650028,NaN,NaN
17,2,0.6,left,\LEFT,22,85,0.6,23528.3642752964,NaN,NaN
17,2,0.6,left,\LEFT,22,86,0.6,23528.4592855901,NaN,NaN
17,2,0.6,left,\LEFT,22,87,0.6,23528.5542958838,NaN,NaN
17,2,0.6,left,\LEFT,22,88,0.6,23528.6493061774,NaN,NaN
17,2,0.6,left,\LEFT,22,89,0.6,23528.7443164711,NaN,NaN
17,2,0.6,left,\LEFT,22,90,0.6,23528.8393267647,NaN,NaN
17,2,0.6,left,\LEFT,22,91,0.6,23528.9343370584,NaN,NaN
17,2,0.6,left,\LEFT,22,92,0.6,23529.0293473521,NaN,NaN
17,2,0.6,left,\LEFT,22,93,0.6,23529.1243576457,NaN,NaN
17,2,0.6,left,\LEFT,22,94,0.6,23529.2193679394,NaN,NaN
17,2,0.6,left,\LEFT,22,95,0.6,23529.3143782331,NaN,NaN
17,2,0.6,left,\LEFT,22,96,0.6,23529.4093885267,NaN,NaN
17,2,0.6,left,\LEFT,22,97,0.6,23529.5043988204,NaN,NaN
17,2,0.6,left,\LEFT,22,98,0.6,23529.5994091141,NaN,NaN
17,2,0.6,left,\LEFT,22,99,0.6,23529.6944194077,NaN,NaN
17,2,0.6,left,\LEFT,22,100,0.6,23529.7894297014,NaN,NaN
17,2,0.6,left,\LEFT,22,101,0.6,23529.884439995,NaN,NaN
17,2,0.6,left,\LEFT,22,102,0.6,23529.9794502887,NaN,NaN
17,2,0.6,left,\LEFT,22,103,0.6,23530.0744605824,NaN,NaN
17,2,0.6,left,\LEFT,22,104,0.6,23530.169470876,NaN,NaN
17,2,0.6,left,\LEFT,22,105,0.6,23530.2644811697,NaN,NaN
17,2,0.6,left,\LEFT,22,106,0.6,23530.3594914634,NaN,NaN
17,2,0.6,left,\LEFT,22,107,0.6,23530.454501757,NaN,NaN
17,2,0.6,left,\LEFT,22,108,0.6,23530.5495120507,NaN,NaN
17,2,0.6,left,\LEFT,22,109,0.6,23530.6445223443,NaN,NaN
17,2,0.6,left,\LEFT,22,110,0.6,23530.739532638,NaN,NaN
17,2,0.6,left,\LEFT,22,111,0.6,23530.8345429317,NaN,NaN
17,2,0.6,left,\LEFT,22,112,0.6,23530.9295532253,NaN,NaN
17,2,0.6,left,\LEFT,22,113,0.6,23531.024563519,NaN,NaN
17,2,0.6,left,\LEFT,22,114,0.6,23531.1195738127,NaN,NaN
17,2,0.6,left,\LEFT,22,115,0.6,23531.2145841063,NaN,NaN
17,2,0.6,left,\LEFT,22,116,0.6,23531.3095944,NaN,NaN
17,2,0.6,left,\LEFT,22,117,0.6,23531.4046046936,NaN,NaN
17,2,0.6,left,\LEFT,22,118,0.6,23531.4996149873,NaN,NaN
17,2,0.6,left,\LEFT,22,119,0.6,23531.594625281,NaN,NaN
17,2,0.6,left,\LEFT,22,120,0.6,23531.6896355746,NaN,NaN
17,2,0.6,left,\LEFT,22,121,0.6,23531.7846458683,NaN,NaN
17,2,0.6,left,\LEFT,22,122,0.6,23531.879656162,NaN,NaN
17,2,0.6,left,\LEFT,22,123,0.6,23531.9746664556,NaN,NaN
17,2,0.6,left,\LEFT,22,124,0.6,23532.0696767493,NaN,NaN
17,2,0.6,left,\LEFT,22,125,0.6,23532.164687043,NaN,NaN
17,2,0.6,left,\LEFT,22,126,0.6,23532.2596973366,NaN,NaN
17,2,0.6,left,\LEFT,22,127,0.6,23532.3547076303,NaN,NaN
17,2,0.6,left,\LEFT,22,128,0.6,23532.4497179239,NaN,NaN
17,2,0.6,left,\LEFT,22,129,0.6,23532.5447282176,NaN,NaN
17,2,0.6,left,\LEFT,22,130,0.6,23532.6397385113,NaN,NaN
17,2,0.6,left,\LEFT,22,131,0.6,23532.7347488049,NaN,NaN
17,2,0.6,left,\LEFT,22,132,0.6,23532.8297590986,NaN,NaN
17,2,0.6,left,\LEFT,22,133,0.6,23532.9247693923,NaN,NaN
17,2,0.6,left,\LEFT,22,134,0.6,23533.0197796859,NaN,NaN
17,2,0.6,left,\LEFT,22,135,0.6,23533.1147899796,NaN,NaN
17,2,0.6,left,\LEFT,22,136,0.6,23533.2098002732,NaN,NaN
17,2,0.6,left,\LEFT,22,137,0.6,23533.3048105669,NaN,NaN
17,2,0.6,left,\LEFT,22,138,0.6,23533.3998208606,NaN,NaN
17,2,0.6,left,\LEFT,22,139,0.6,23533.4948311542,NaN,NaN
17,2,0.6,left,\LEFT,22,140,0.6,23533.5898414479,NaN,NaN
17,2,0.6,left,\LEFT,22,141,0.6,23533.6848517416,NaN,NaN
17,2,0.6,left,\LEFT,22,142,0.6,23533.7798620352,NaN,NaN
17,2,0.6,left,\LEFT,22,143,0.6,23533.8748723289,NaN,NaN
17,2,0.6,left,\LEFT,22,144,0.6,23533.9698826226,NaN,NaN
17,2,0.6,left,\LEFT,22,145,0.6,23534.0648929162,NaN,NaN
17,2,0.6,left,\LEFT,22,146,0.6,23534.1599032099,NaN,NaN
17,2,0.6,left,\LEFT,22,147,0.6,23534.2549135035,NaN,NaN
17,2,0.6,left,\LEFT,22,148,0.6,23534.3499237972,NaN,NaN
17,2,0.6,left,\LEFT,22,149,0.6,23534.4449340909,NaN,NaN
17,2,0.6,left,\LEFT,22,150,0.6,23534.5399443845,NaN,NaN
17,2,0.6,left,\LEFT,22,151,0.6,23534.6349546782,NaN,NaN
17,2,0.6,left,\LEFT,22,152,0.6,23534.7299649719,NaN,NaN
17,2,0.6,left,\LEFT,22,153,0.6,23534.8249752655,NaN,NaN
17,2,0.6,left,\LEFT,22,154,0.6,23534.9199855592,NaN,NaN
17,2,0.6,left,\LEFT,22,155,0.6,23535.0149958528,NaN,NaN
17,2,0.6,left,\LEFT,22,156,0.6,23535.1100061465,NaN,NaN
17,2,0.6,left,\LEFT,22,157,0.6,23535.2050164402,NaN,NaN
17,2,0.6,left,\LEFT,22,158,0.6,23535.3000267338,NaN,NaN
17,2,0.6,left,\LEFT,22,159,0.6,23535.3950370275,NaN,NaN
17,2,0.6,left,\LEFT,22,160,0.6,23535.4900473212,NaN,NaN
17,2,0.6,left,\LEFT,22,161,0.6,23535.5850576148,NaN,NaN
17,2,0.6,left,\LEFT,22,162,0.6,23535.6800679085,NaN,NaN
17,2,0.6,left,\LEFT,22,163,0.6,23535.7750782022,NaN,NaN
17,2,0.6,left,\LEFT,22,164,0.6,23535.8700884958,NaN,NaN
17,2,0.6,left,\LEFT,22,165,0.6,23535.9650987895,NaN,NaN
17,2,0.6,left,\LEFT,22,166,0.6,23536.0601090831,NaN,NaN
17,2,0.6,left,\LEFT,22,167,0.6,23536.1551193768,NaN,NaN
17,2,0.6,left,\LEFT,22,168,0.6,23536.2501296705,NaN,NaN
17,2,0.6,left,\LEFT,22,169,0.6,23536.3451399641,NaN,NaN
17,2,0.6,left,\LEFT,22,170,0.6,23536.4401502578,NaN,NaN
17,2,0.6,left,\LEFT,22,171,0.6,23536.5351605515,NaN,NaN
17,2,0.6,left,\LEFT,22,172,0.6,23536.6301708451,NaN,NaN
17,2,0.6,left,\LEFT,22,173,0.6,23536.7251811388,NaN,NaN
17,2,0.6,left,\LEFT,22,174,0.6,23536.8201914324,NaN,NaN
17,2,0.6,left,\LEFT,22,175,0.6,23536.9152017261,NaN,NaN
17,2,0.6,left,\LEFT,22,176,0.6,23537.0102120198,NaN,NaN
17,2,0.6,left,\LEFT,22,177,0.6,23537.1052223134,NaN,NaN
17,2,0.6,left,\LEFT,22,178,0.6,23537.2002326071,NaN,NaN
17,2,0.6,left,\LEFT,22,179,0.6,23537.2952429008,NaN,NaN
17,2,0.6,left,\LEFT,22,180,0.6,23537.3902531944,NaN,NaN
17,2,0.6,left,\LEFT,22,181,0.6,23537.4852634881,NaN,NaN
17,2,0.6,left,\LEFT,22,182,0.6,23537.5802737818,NaN,NaN
17,2,0.6,left,\LEFT,22,183,0.6,23537.6752840754,NaN,NaN
17,2,0.6,left,\LEFT,22,184,0.6,23537.7702943691,NaN,NaN
17,2,0.6,left,\LEFT,22,185,0.6,23537.8653046627,NaN,NaN
17,2,0.6,left,\LEFT,22,186,0.6,23537.9603149564,NaN,NaN
17,2,0.6,left,\LEFT,22,187,0.6,23538.0553252501,NaN,NaN
17,2,0.6,left,\LEFT,22,188,0.6,23538.1503355437,NaN,NaN
17,2,0.6,left,\LEFT,22,189,0.6,23538.2453458374,NaN,NaN
17,2,0.6,left,\LEFT,22,190,0.6,23538.3403561311,NaN,NaN
17,2,0.6,left,\LEFT,22,191,0.6,23538.4353664247,NaN,NaN
17,2,0.6,left,\LEFT,22,192,0.6,23538.5303767184,NaN,NaN
17,2,0.6,left,\LEFT,22,193,0.6,23538.625387012,NaN,NaN
17,2,0.6,left,\LEFT,22,194,0.6,23538.7203973057,NaN,NaN
17,2,0.6,left,\LEFT,22,195,0.6,23538.8154075994,NaN,NaN
17,2,0.6,left,\LEFT,22,196,0.6,23538.910417893,NaN,NaN
17,2,0.6,left,\LEFT,22,197,0.6,23539.0054281867,NaN,NaN
17,2,0.6,left,\LEFT,22,198,0.6,23539.1004384804,NaN,NaN
17,2,0.6,left,\LEFT,22,199,0.6,23539.195448774,NaN,NaN
17,2,0.6,left,\LEFT,22,200,0.6,23539.2904590677,NaN,NaN
17,2,0.6,left,\LEFT,22,201,0.6,23539.3854693614,NaN,NaN
17,2,0.6,left,\LEFT,22,202,0.6,23539.480479655,NaN,NaN
17,10,0.6,right,\RIGHT,23,1,0,23527.6982433761,23527.6982433761,-0.000478781759738922
17,10,0.6,right,\RIGHT,23,2,0,23527.7932536697,23527.7282756868,0.0195539274136536
17,10,0.6,right,\RIGHT,23,3,0,23527.8882639634,23527.7983061018,-0.000324444285070058
17,10,0.6,right,\RIGHT,23,4,0,23527.9832742571,23527.8983691295,-0.000230069730605464
17,10,0.6,right,\RIGHT,23,5,0,23528.0782845507,23527.9883987477,-0.000284066536551109
17,10,0.6,right,\RIGHT,23,6,0,23528.1732948444,23528.0884650957,-0.000226749307330465
17,10,0.6,right,\RIGHT,23,7,0,23528.268305138,23528.1785242958,-0.000254484595643589
17,10,0.6,right,\RIGHT,23,8,0,23528.3633154317,23528.2786504115,0.00981243096248363
17,10,0.6,right,\RIGHT,23,9,0,23528.4583257254,23528.3686326382,-0.000331458013533847
17,10,0.6,right,\RIGHT,23,10,0,23528.553336019,23528.4687493963,0.00980307340796571
17,10,0.6,right,\RIGHT,23,11,0.015,23528.6483463127,23528.5587928999,-0.000270181139057968
17,10,0.6,right,\RIGHT,23,12,0.03,23528.7433566064,23528.6588628702,0.00975628564629005
17,10,0.6,right,\RIGHT,23,13,0.045,23528.8383669,23528.748914222,-0.000262332865531789
17,10,0.6,right,\RIGHT,23,14,0.06,23528.9333771937,23528.8490128687,0.00978496201423695
17,10,0.6,right,\RIGHT,23,15,0.075,23529.0283874873,23528.9390080753,-0.000318478181725368
17,10,0.6,right,\RIGHT,23,16,0.09,23529.123397781,23529.0391127591,0.00979099914547987
17,10,0.6,right,\RIGHT,23,17,0.105,23529.2184080747,23529.1291713555,-0.000255088310950669
17,10,0.6,right,\RIGHT,23,18,0.12,23529.3134183683,23529.2292398166,0.00975477636166033
17,10,0.6,right,\RIGHT,23,19,0.135,23529.408428662,23529.3192869424,-0.000266558858129429
17,10,0.6,right,\RIGHT,23,20,0.15,23529.5034389557,23529.4193662703,0.00976564319716999
17,10,0.6,right,\RIGHT,23,21,0.165,23529.5984492493,23529.5094408651,-0.00023908990988275
17,10,0.6,right,\RIGHT,23,22,0.18,23529.693459543,23529.6094915166,0.00973696682558511
17,10,0.6,right,\RIGHT,23,23,0.195,23529.7884698366,23529.6995226441,-0.000282557255559368
17,10,0.6,right,\RIGHT,23,24,0.21,23529.8834801303,23529.789573694,-0.000262634723185329
17,10,0.6,right,\RIGHT,23,25,0.225,23529.978490424,23529.889682302,-0.000184489392268006
17,10,0.6,right,\RIGHT,23,26,0.24,23530.0735007176,23529.9796989404,-0.000297046368359588
17,10,0.6,right,\RIGHT,23,27,0.255,23530.1685110113,23530.0797797775,-0.000212260190892266
17,10,0.6,right,\RIGHT,23,28,0.27,23530.263521305,23530.1698498445,-0.000243617763771908
17,10,0.6,right,\RIGHT,23,29,0.285,23530.3585315986,23530.269923739,-0.000219202891457826
17,10,0.6,right,\RIGHT,23,30,0.3,23530.4535418923,23530.3599584887,-0.000278934974630829
17,10,0.6,right,\RIGHT,23,31,0.315,23530.548552186,23530.4600094421,-0.000242143993091304
17,10,0.6,right,\RIGHT,23,32,0.33,23530.6435624796,23530.5501175429,-0.00020558383766911
17,10,0.6,right,\RIGHT,23,33,0.345,23530.7385727733,23530.6501757409,-0.000234899431234226
17,10,0.6,right,\RIGHT,23,34,0.36,23530.8335830669,23530.7502384667,0.00974904108807095
17,10,0.6,right,\RIGHT,23,35,0.375,23530.9285933606,23530.8402970631,-0.000255088310950669
17,10,0.6,right,\RIGHT,23,36,0.39,23531.0236036543,23530.9303574706,-0.00025327716866741
17,10,0.6,right,\RIGHT,23,37,0.405,23531.1186139479,23531.0304250261,-0.000225541880354285
17,10,0.6,right,\RIGHT,23,38,0.42,23531.2136242416,23531.120480302,-0.000258408734225668
17,10,0.6,right,\RIGHT,23,39,0.435,23531.3086345353,23531.2205472538,-0.000226145592023386
17,10,0.6,right,\RIGHT,23,40,0.45,23531.4036448289,23531.3106049447,-0.000255993880273309
17,10,0.6,right,\RIGHT,23,41,0.465,23531.4986551226,23531.4106700853,-0.000227956730668666
17,10,0.6,right,\RIGHT,23,42,0.48,23531.5936654162,23531.5007489061,-0.00023486392092309
17,10,0.6,right,\RIGHT,23,43,0.495,23531.6886757099,23531.6008046892,-0.000237314288824564
17,10,0.6,right,\RIGHT,23,44,0.51,23531.7836860036,23531.6908587577,-0.000259616157563869
17,10,0.6,right,\RIGHT,23,45,0.525,23531.8786962972,23531.7909069944,-0.000244860697421245
17,10,0.6,right,\RIGHT,23,46,0.54,23531.9737065909,23531.8809363107,-0.000284368394204648
17,10,0.6,right,\RIGHT,23,47,0.555,23532.0687168846,23531.9810262036,-0.000203204497665865
17,10,0.6,right,\RIGHT,23,48,0.57,23532.1637271782,23532.071118306,-0.00022158223146107
17,10,0.6,right,\RIGHT,23,49,0.585,23532.2587374719,23532.1711855597,-0.000225843738007825
17,10,0.6,right,\RIGHT,23,50,0.6,23532.3537477656,23532.2612097444,-0.000289499956124928
17,10,0.6,right,\RIGHT,23,51,0.6,23532.4487580592,23532.3612993354,-0.000203506351681426
17,10,0.6,right,\RIGHT,23,52,0.6,23532.5437683529,23532.4513570263,-0.000255993880273309
17,10,0.6,right,\RIGHT,23,53,0.6,23532.6387786465,23532.5514182428,-0.000231880865612766
17,10,0.6,right,\RIGHT,23,54,0.6,23532.7337889402,23532.641485593,-0.000246334471739829
17,10,0.6,right,\RIGHT,23,55,0.6,23532.8287992339,23532.7415501299,-0.000228560445975745
17,10,0.6,right,\RIGHT,23,56,0.6,23532.9238095275,23532.8415992722,0.00973545754459337
17,10,0.6,right,\RIGHT,23,57,0.6,23533.0188198212,23532.9316796022,-0.000233354639931349
17,10,0.6,right,\RIGHT,23,58,0.6,23533.1138301149,23533.0217149557,-0.000278331262961729
17,10,0.6,right,\RIGHT,23,59,0.6,23533.2088404085,23533.1218383546,-0.000169698421814246
17,10,0.6,right,\RIGHT,23,60,0.6,23533.3038507022,23533.2118377871,-0.000314252189127728
17,10,0.6,right,\RIGHT,23,61,0.6,23533.3988609958,23533.3119098705,-0.000221014033741085
17,10,0.6,right,\RIGHT,23,62,0.6,23533.4938712895,23533.4019775226,-0.000246032614086289
17,10,0.6,right,\RIGHT,23,63,0.6,23533.5888815832,23533.5020438706,-0.000226749303692486
17,10,0.6,right,\RIGHT,23,64,0.6,23533.6838918768,23533.5921015614,-0.000255993880273309
17,10,0.6,right,\RIGHT,23,65,0.6,23533.7789021705,23533.6921591557,-0.000235503146541305
17,10,0.6,right,\RIGHT,23,66,0.6,23533.8739124642,23533.782253673,-0.00021916738114669
17,10,0.6,right,\RIGHT,23,67,0.6,23533.9689227578,23533.8823200211,-0.000226749307330465
17,10,0.6,right,\RIGHT,23,68,0.6,23534.0639330515,23533.972327,-0.000306705776893068
17,10,0.6,right,\RIGHT,23,69,0.6,23534.1589433452,23534.0723939518,-0.000226145595661365
17,10,0.6,right,\RIGHT,23,70,0.6,23534.2539536388,23534.1624748855,-0.00023275092462427
17,10,0.6,right,\RIGHT,23,71,0.6,23534.3489639325,NaN,NaN
17,10,0.6,right,\RIGHT,23,72,0.6,23534.4439742261,NaN,NaN
17,10,0.6,right,\RIGHT,23,73,0.6,23534.5389845198,NaN,NaN
17,10,0.6,right,\RIGHT,23,74,0.6,23534.6339948135,NaN,NaN
17,10,0.6,right,\RIGHT,23,75,0.6,23534.7290051071,NaN,NaN
17,10,0.6,right,\RIGHT,23,76,0.6,23534.8240154008,NaN,NaN
17,10,0.6,right,\RIGHT,23,77,0.6,23534.9190256945,NaN,NaN
17,10,0.6,right,\RIGHT,23,78,0.6,23535.0140359881,NaN,NaN
17,10,0.6,right,\RIGHT,23,79,0.6,23535.1090462818,NaN,NaN
17,10,0.6,right,\RIGHT,23,80,0.6,23535.2040565754,NaN,NaN
17,10,0.6,right,\RIGHT,23,81,0.6,23535.2990668691,NaN,NaN
17,10,0.6,right,\RIGHT,23,82,0.6,23535.3940771628,NaN,NaN
17,10,0.6,right,\RIGHT,23,83,0.6,23535.4890874564,NaN,NaN
17,10,0.6,right,\RIGHT,23,84,0.6,23535.5840977501,NaN,NaN
17,10,0.6,right,\RIGHT,23,85,0.6,23535.6791080438,NaN,NaN
17,10,0.6,right,\RIGHT,23,86,0.6,23535.7741183374,NaN,NaN
17,10,0.6,right,\RIGHT,23,87,0.6,23535.8691286311,NaN,NaN
17,10,0.6,right,\RIGHT,23,88,0.6,23535.9641389247,NaN,NaN
17,10,0.6,right,\RIGHT,23,89,0.6,23536.0591492184,NaN,NaN
17,10,0.6,right,\RIGHT,23,90,0.6,23536.1541595121,NaN,NaN
17,10,0.6,right,\RIGHT,23,91,0.6,23536.2491698057,NaN,NaN
17,10,0.6,right,\RIGHT,23,92,0.6,23536.3441800994,NaN,NaN
17,10,0.6,right,\RIGHT,23,93,0.6,23536.4391903931,NaN,NaN
17,10,0.6,right,\RIGHT,23,94,0.6,23536.5342006867,NaN,NaN
17,10,0.6,right,\RIGHT,23,95,0.6,23536.6292109804,NaN,NaN
17,10,0.6,right,\RIGHT,23,96,0.6,23536.7242212741,NaN,NaN
17,10,0.6,right,\RIGHT,23,97,0.6,23536.8192315677,NaN,NaN
17,10,0.6,right,\RIGHT,23,98,0.6,23536.9142418614,NaN,NaN
17,10,0.6,right,\RIGHT,23,99,0.6,23537.009252155,NaN,NaN
17,10,0.6,right,\RIGHT,23,100,0.6,23537.1042624487,NaN,NaN
17,10,0.6,right,\RIGHT,23,101,0.6,23537.1992727424,NaN,NaN
17,10,0.6,right,\RIGHT,23,102,0.6,23537.294283036,NaN,NaN
17,10,0.6,right,\RIGHT,23,103,0.6,23537.3892933297,NaN,NaN
17,10,0.6,right,\RIGHT,23,104,0.6,23537.4843036234,NaN,NaN
17,10,0.6,right,\RIGHT,23,105,0.6,23537.579313917,NaN,NaN
17,10,0.6,right,\RIGHT,23,106,0.6,23537.6743242107,NaN,NaN
17,10,0.6,right,\RIGHT,23,107,0.6,23537.7693345043,NaN,NaN
17,10,0.6,right,\RIGHT,23,108,0.6,23537.864344798,NaN,NaN
17,10,0.6,right,\RIGHT,23,109,0.6,23537.9593550917,NaN,NaN
17,10,0.6,right,\RIGHT,23,110,0.6,23538.0543653853,NaN,NaN
17,10,0.6,right,\RIGHT,23,111,0.6,23538.149375679,NaN,NaN
17,10,0.6,right,\RIGHT,23,112,0.6,23538.2443859727,NaN,NaN
17,10,0.6,right,\RIGHT,23,113,0.6,23538.3393962663,NaN,NaN
17,10,0.6,right,\RIGHT,23,114,0.6,23538.43440656,NaN,NaN
17,10,0.6,right,\RIGHT,23,115,0.6,23538.5294168537,NaN,NaN
17,10,0.6,right,\RIGHT,23,116,0.6,23538.6244271473,NaN,NaN
17,10,0.6,right,\RIGHT,23,117,0.6,23538.719437441,NaN,NaN
17,10,0.6,right,\RIGHT,23,118,0.6,23538.8144477346,NaN,NaN
17,10,0.6,right,\RIGHT,23,119,0.6,23538.9094580283,NaN,NaN
17,10,0.6,right,\RIGHT,23,120,0.6,23539.004468322,NaN,NaN
17,10,0.6,right,\RIGHT,23,121,0.6,23539.0994786156,NaN,NaN
17,10,0.6,right,\RIGHT,23,122,0.6,23539.1944889093,NaN,NaN
17,10,0.6,right,\RIGHT,23,123,0.6,23539.289499203,NaN,NaN
17,10,0.6,right,\RIGHT,23,124,0.6,23539.3845094966,NaN,NaN
17,10,0.6,right,\RIGHT,23,125,0.6,23539.4795197903,NaN,NaN
17,10,0.6,right,\RIGHT,23,126,0.6,23539.5745300839,NaN,NaN
17,10,0.6,right,\RIGHT,23,127,0.6,23539.6695403776,NaN,NaN
17,10,0.6,right,\RIGHT,23,128,0.6,23539.7645506713,NaN,NaN
17,10,0.6,right,\RIGHT,23,129,0.6,23539.8595609649,NaN,NaN
17,10,0.6,right,\RIGHT,23,130,0.6,23539.9545712586,NaN,NaN
17,10,0.6,right,\RIGHT,23,131,0.6,23540.0495815523,NaN,NaN
17,10,0.6,right,\RIGHT,23,132,0.6,23540.1445918459,NaN,NaN
17,10,0.6,right,\RIGHT,23,133,0.6,23540.2396021396,NaN,NaN
17,10,0.6,right,\RIGHT,23,134,0.6,23540.3346124332,NaN,NaN
17,10,0.6,right,\RIGHT,23,135,0.6,23540.4296227269,NaN,NaN
17,10,0.6,right,\RIGHT,23,136,0.6,23540.5246330206,NaN,NaN
17,10,0.6,right,\RIGHT,23,137,0.6,23540.6196433142,NaN,NaN
17,10,0.6,right,\RIGHT,23,138,0.6,23540.7146536079,NaN,NaN
17,10,0.6,right,\RIGHT,23,139,0.6,23540.8096639016,NaN,NaN
17,10,0.6,right,\RIGHT,23,140,0.6,23540.9046741952,NaN,NaN
17,10,0.6,right,\RIGHT,23,141,0.6,23540.9996844889,NaN,NaN
17,10,0.6,right,\RIGHT,23,142,0.6,23541.0946947826,NaN,NaN
17,10,0.6,right,\RIGHT,23,143,0.6,23541.1897050762,NaN,NaN
17,10,0.6,right,\RIGHT,23,144,0.6,23541.2847153699,NaN,NaN
17,10,0.6,right,\RIGHT,23,145,0.6,23541.3797256635,NaN,NaN
17,10,0.6,right,\RIGHT,23,146,0.6,23541.4747359572,NaN,NaN
17,10,0.6,right,\RIGHT,23,147,0.6,23541.5697462509,NaN,NaN
17,10,0.6,right,\RIGHT,23,148,0.6,23541.6647565445,NaN,NaN
17,10,0.6,right,\RIGHT,23,149,0.6,23541.7597668382,NaN,NaN
17,10,0.6,right,\RIGHT,23,150,0.6,23541.8547771319,NaN,NaN
17,10,0.6,right,\RIGHT,23,151,0.6,23541.9497874255,NaN,NaN
17,10,0.6,right,\RIGHT,23,152,0.6,23542.0447977192,NaN,NaN
17,10,0.6,right,\RIGHT,23,153,0.6,23542.1398080128,NaN,NaN
17,10,0.6,right,\RIGHT,23,154,0.6,23542.2348183065,NaN,NaN
17,10,0.6,right,\RIGHT,23,155,0.6,23542.3298286002,NaN,NaN
17,10,0.6,right,\RIGHT,23,156,0.6,23542.4248388938,NaN,NaN
17,10,0.6,right,\RIGHT,23,157,0.6,23542.5198491875,NaN,NaN
17,10,0.6,right,\RIGHT,23,158,0.6,23542.6148594812,NaN,NaN
17,10,0.6,right,\RIGHT,23,159,0.6,23542.7098697748,NaN,NaN
17,10,0.6,right,\RIGHT,23,160,0.6,23542.8048800685,NaN,NaN
17,10,0.6,right,\RIGHT,23,161,0.6,23542.8998903622,NaN,NaN
17,10,0.6,right,\RIGHT,23,162,0.6,23542.9949006558,NaN,NaN
17,10,0.6,right,\RIGHT,23,163,0.6,23543.0899109495,NaN,NaN
17,10,0.6,right,\RIGHT,23,164,0.6,23543.1849212431,NaN,NaN
17,10,0.6,right,\RIGHT,23,165,0.6,23543.2799315368,NaN,NaN
17,10,0.6,right,\RIGHT,23,166,0.6,23543.3749418305,NaN,NaN
17,10,0.6,right,\RIGHT,23,167,0.6,23543.4699521241,NaN,NaN
17,10,0.6,right,\RIGHT,23,168,0.6,23543.5649624178,NaN,NaN
17,10,0.6,right,\RIGHT,23,169,0.6,23543.6599727115,NaN,NaN
17,10,0.6,right,\RIGHT,23,170,0.6,23543.7549830051,NaN,NaN
17,10,0.6,right,\RIGHT,23,171,0.6,23543.8499932988,NaN,NaN
17,10,0.6,right,\RIGHT,23,172,0.6,23543.9450035924,NaN,NaN
17,10,0.6,right,\RIGHT,23,173,0.6,23544.0400138861,NaN,NaN
17,10,0.6,right,\RIGHT,23,174,0.6,23544.1350241798,NaN,NaN
17,10,0.6,right,\RIGHT,23,175,0.6,23544.2300344734,NaN,NaN
17,10,0.6,right,\RIGHT,23,176,0.6,23544.3250447671,NaN,NaN
17,10,0.6,right,\RIGHT,23,177,0.6,23544.4200550608,NaN,NaN
17,10,0.6,right,\RIGHT,23,178,0.6,23544.5150653544,NaN,NaN
17,10,0.6,right,\RIGHT,23,179,0.6,23544.6100756481,NaN,NaN
17,10,0.6,right,\RIGHT,23,180,0.6,23544.7050859418,NaN,NaN
17,10,0.6,right,\RIGHT,23,181,0.6,23544.8000962354,NaN,NaN
17,10,0.6,right,\RIGHT,23,182,0.6,23544.8951065291,NaN,NaN
17,10,0.6,right,\RIGHT,23,183,0.6,23544.9901168227,NaN,NaN
17,10,0.6,right,\RIGHT,23,184,0.6,23545.0851271164,NaN,NaN
17,10,0.6,right,\RIGHT,23,185,0.6,23545.1801374101,NaN,NaN
17,10,0.6,right,\RIGHT,23,186,0.6,23545.2751477037,NaN,NaN
17,10,0.6,right,\RIGHT,23,187,0.6,23545.3701579974,NaN,NaN
17,10,0.6,right,\RIGHT,23,188,0.6,23545.4651682911,NaN,NaN
17,10,0.6,right,\RIGHT,23,189,0.6,23545.5601785847,NaN,NaN
17,10,0.6,right,\RIGHT,23,190,0.6,23545.6551888784,NaN,NaN
17,10,0.6,right,\RIGHT,23,191,0.6,23545.750199172,NaN,NaN
17,10,0.6,right,\RIGHT,23,192,0.6,23545.8452094657,NaN,NaN
17,10,0.6,right,\RIGHT,23,193,0.6,23545.9402197594,NaN,NaN
17,10,0.6,right,\RIGHT,23,194,0.6,23546.035230053,NaN,NaN
17,10,0.6,right,\RIGHT,23,195,0.6,23546.1302403467,NaN,NaN
17,10,0.6,right,\RIGHT,23,196,0.6,23546.2252506404,NaN,NaN
17,10,0.6,right,\RIGHT,23,197,0.6,23546.320260934,NaN,NaN
17,10,0.6,right,\RIGHT,23,198,0.6,23546.4152712277,NaN,NaN
17,10,0.6,right,\RIGHT,23,199,0.6,23546.5102815214,NaN,NaN
17,10,0.6,right,\RIGHT,23,200,0.6,23546.605291815,NaN,NaN
17,10,0.6,right,\RIGHT,23,201,0.6,23546.7003021087,NaN,NaN
17,10,0.6,right,\RIGHT,23,202,0.6,23546.7953124023,NaN,NaN
17,1,0.6,left,\RIGHT,24,1,0,23535.6033840533,23535.6033840533,-0.000516211970534641
17,1,0.6,left,\RIGHT,24,2,0.015,23535.6983943469,23535.6334540961,0.0195916594857408
17,1,0.6,left,\RIGHT,24,3,0.03,23535.7934046406,23535.703489039,-0.000319916442094836
17,1,0.6,left,\RIGHT,24,4,0.045,23535.8884149343,23535.8035523685,-0.000229767869313946
17,1,0.6,left,\RIGHT,24,5,0.06,23535.9834252279,23535.8936112667,-0.000254786453297129
17,1,0.6,left,\RIGHT,24,6,0.075,23536.0784355216,23535.9936830482,0.00975809678129735
17,1,0.6,left,\RIGHT,24,7,0.09,23536.1734458153,23536.083742852,-0.000253880883974489
17,1,0.6,left,\RIGHT,24,8,0.105,23536.2684561089,23536.1837642235,0.00970768674233113
17,1,0.6,left,\RIGHT,24,9,0.12,23536.3634664026,23536.2738297626,-0.00024814560674713
17,1,0.6,left,\RIGHT,24,10,0.135,23536.4584766962,23536.3739688581,0.00982541079065413
17,1,0.6,left,\RIGHT,24,11,0.15,23536.5534869899,23536.4639879113,-0.000294631514407229
17,1,0.6,left,\RIGHT,24,12,0.165,23536.6484972836,23536.5640509389,0.00974934294208651
17,1,0.6,left,\RIGHT,24,13,0.18,23536.7435075772,23536.654114365,-0.00025025860304595
17,1,0.6,left,\RIGHT,24,14,0.195,23536.8385178709,23536.7541674314,0.00973938167589949
17,1,0.6,left,\RIGHT,24,15,0.21,23536.9335281646,23536.8442278389,-0.00025327716866741
17,1,0.6,left,\RIGHT,24,16,0.225,23537.0285384582,23536.944338258,0.00979673441906925
17,1,0.6,left,\RIGHT,24,17,0.24,23537.1235487519,23537.0343527834,-0.000299159364658408
17,1,0.6,left,\RIGHT,24,18,0.255,23537.2185590456,23537.1344013219,0.00973485383292427
17,1,0.6,left,\RIGHT,24,19,0.27,23537.3135693392,23537.2244861798,-0.000228826793318149
17,1,0.6,left,\RIGHT,24,20,0.285,23537.4085796329,23537.3245621873,0.00976232277753297
17,1,0.6,left,\RIGHT,24,21,0.3,23537.5035899265,23537.4146186707,-0.000257201307249488
17,1,0.6,left,\RIGHT,24,22,0.315,23537.5986002202,23537.5046799838,-0.000252371599344769
17,1,0.6,left,\RIGHT,24,23,0.33,23537.6936105139,23537.6047040719,-0.000269009222392924
17,1,0.6,left,\RIGHT,24,24,0.345,23537.7886208075,23537.6947813834,-0.000236373205552809
17,1,0.6,left,\RIGHT,24,25,0.36,23537.8836311012,23537.7948579946,-0.000216486183489906
17,1,0.6,left,\RIGHT,24,26,0.375,23537.9786413949,23537.8849199114,-0.000251767887675669
17,1,0.6,left,\RIGHT,24,27,0.39,23538.0736516885,23537.9849913911,-0.000221617745410185
17,1,0.6,left,\RIGHT,24,28,0.405,23538.1686619822,23538.0750454596,-0.000259616157563869
17,1,0.6,left,\RIGHT,24,29,0.42,23538.2636722758,23538.175100639,-0.000237917996855685
17,1,0.6,left,\RIGHT,24,30,0.435,23538.3586825695,23538.26514535,-0.000268973712081788
17,1,0.6,left,\RIGHT,24,31,0.45,23538.4536928632,23538.3652340354,-0.000204411921004066
17,1,0.6,left,\RIGHT,24,32,0.465,23538.5487031568,23538.4552672759,-0.000280444259260548
17,1,0.6,left,\RIGHT,24,33,0.48,23538.6437134505,23538.5553632059,-0.000197167366422946
17,1,0.6,left,\RIGHT,24,34,0.495,23538.7387237442,23538.6554295539,0.00975266336536151
17,1,0.6,left,\RIGHT,24,35,0.51,23538.8337340378,23538.7455008283,-0.00024241033315775
17,1,0.6,left,\RIGHT,24,36,0.525,23538.9287443315,23538.8355449356,-0.000269577423750889
17,1,0.6,left,\RIGHT,24,37,0.54,23539.0237546252,23538.9355717404,-0.000266292514425004
17,1,0.6,left,\RIGHT,24,38,0.555,23539.1187649188,23539.0256348647,-0.000250560460699489
17,1,0.6,left,\RIGHT,24,39,0.57,23539.2137752125,23539.125704835,-0.000223127030039905
17,1,0.6,left,\RIGHT,24,40,0.585,23539.3087855061,23539.2157655444,-0.000252975314651849
17,1,0.6,left,\RIGHT,24,41,0.6,23539.4037957998,23539.3158318925,-0.000226749303692486
17,1,0.6,left,\RIGHT,24,42,0.6,23539.4988060935,23539.4058919981,-0.000253579026320949
17,1,0.6,left,\RIGHT,24,43,0.6,23539.5938163871,23539.5060120767,-0.000173018845089246
17,1,0.6,left,\RIGHT,24,44,0.6,23539.6888266808,23539.5960468264,-0.000278934974630829
17,1,0.6,left,\RIGHT,24,45,0.6,23539.7838369745,23539.6961860307,-0.00015389308828162
17,1,0.6,left,\RIGHT,24,46,0.6,23539.8788472681,23539.7861636207,-0.000336094653903274
17,1,0.6,left,\RIGHT,24,47,0.6,23539.9738575618,NaN,NaN
17,1,0.6,left,\RIGHT,24,48,0.6,23540.0688678554,NaN,NaN
17,1,0.6,left,\RIGHT,24,49,0.6,23540.1638781491,NaN,NaN
17,1,0.6,left,\RIGHT,24,50,0.6,23540.2588884428,NaN,NaN
17,1,0.6,left,\RIGHT,24,51,0.6,23540.3538987364,NaN,NaN
17,1,0.6,left,\RIGHT,24,52,0.6,23540.4489090301,NaN,NaN
17,1,0.6,left,\RIGHT,24,53,0.6,23540.5439193238,NaN,NaN
17,1,0.6,left,\RIGHT,24,54,0.6,23540.6389296174,NaN,NaN
17,1,0.6,left,\RIGHT,24,55,0.6,23540.7339399111,NaN,NaN
17,1,0.6,left,\RIGHT,24,56,0.6,23540.8289502047,NaN,NaN
17,1,0.6,left,\RIGHT,24,57,0.6,23540.9239604984,NaN,NaN
17,1,0.6,left,\RIGHT,24,58,0.6,23541.0189707921,NaN,NaN
17,1,0.6,left,\RIGHT,24,59,0.6,23541.1139810857,NaN,NaN
17,1,0.6,left,\RIGHT,24,60,0.6,23541.2089913794,NaN,NaN
17,1,0.6,left,\RIGHT,24,61,0.6,23541.3040016731,NaN,NaN
17,1,0.6,left,\RIGHT,24,62,0.6,23541.3990119667,NaN,NaN
17,1,0.6,left,\RIGHT,24,63,0.6,23541.4940222604,NaN,NaN
17,1,0.6,left,\RIGHT,24,64,0.6,23541.5890325541,NaN,NaN
17,1,0.6,left,\RIGHT,24,65,0.6,23541.6840428477,NaN,NaN
17,1,0.6,left,\RIGHT,24,66,0.6,23541.7790531414,NaN,NaN
17,1,0.6,left,\RIGHT,24,67,0.6,23541.874063435,NaN,NaN
17,1,0.6,left,\RIGHT,24,68,0.6,23541.9690737287,NaN,NaN
17,1,0.6,left,\RIGHT,24,69,0.6,23542.0640840224,NaN,NaN
17,1,0.6,left,\RIGHT,24,70,0.6,23542.159094316,NaN,NaN
17,1,0.6,left,\RIGHT,24,71,0.6,23542.2541046097,NaN,NaN
17,1,0.6,left,\RIGHT,24,72,0.6,23542.3491149034,NaN,NaN
17,1,0.6,left,\RIGHT,24,73,0.6,23542.444125197,NaN,NaN
17,1,0.6,left,\RIGHT,24,74,0.6,23542.5391354907,NaN,NaN
17,1,0.6,left,\RIGHT,24,75,0.6,23542.6341457843,NaN,NaN
17,1,0.6,left,\RIGHT,24,76,0.6,23542.729156078,NaN,NaN
17,1,0.6,left,\RIGHT,24,77,0.6,23542.8241663717,NaN,NaN
17,1,0.6,left,\RIGHT,24,78,0.6,23542.9191766653,NaN,NaN
17,1,0.6,left,\RIGHT,24,79,0.6,23543.014186959,NaN,NaN
17,1,0.6,left,\RIGHT,24,80,0.6,23543.1091972527,NaN,NaN
17,1,0.6,left,\RIGHT,24,81,0.6,23543.2042075463,NaN,NaN
17,1,0.6,left,\RIGHT,24,82,0.6,23543.29921784,NaN,NaN
17,1,0.6,left,\RIGHT,24,83,0.6,23543.3942281337,NaN,NaN
17,1,0.6,left,\RIGHT,24,84,0.6,23543.4892384273,NaN,NaN
17,1,0.6,left,\RIGHT,24,85,0.6,23543.584248721,NaN,NaN
17,1,0.6,left,\RIGHT,24,86,0.6,23543.6792590146,NaN,NaN
17,1,0.6,left,\RIGHT,24,87,0.6,23543.7742693083,NaN,NaN
17,1,0.6,left,\RIGHT,24,88,0.6,23543.869279602,NaN,NaN
17,1,0.6,left,\RIGHT,24,89,0.6,23543.9642898956,NaN,NaN
17,1,0.6,left,\RIGHT,24,90,0.6,23544.0593001893,NaN,NaN
17,1,0.6,left,\RIGHT,24,91,0.6,23544.154310483,NaN,NaN
17,1,0.6,left,\RIGHT,24,92,0.6,23544.2493207766,NaN,NaN
17,1,0.6,left,\RIGHT,24,93,0.6,23544.3443310703,NaN,NaN
17,1,0.6,left,\RIGHT,24,94,0.6,23544.4393413639,NaN,NaN
17,1,0.6,left,\RIGHT,24,95,0.6,23544.5343516576,NaN,NaN
17,1,0.6,left,\RIGHT,24,96,0.6,23544.6293619513,NaN,NaN
17,1,0.6,left,\RIGHT,24,97,0.6,23544.7243722449,NaN,NaN
17,1,0.6,left,\RIGHT,24,98,0.6,23544.8193825386,NaN,NaN
17,1,0.6,left,\RIGHT,24,99,0.6,23544.9143928323,NaN,NaN
17,1,0.6,left,\RIGHT,24,100,0.6,23545.0094031259,NaN,NaN
17,1,0.6,left,\RIGHT,24,101,0.6,23545.1044134196,NaN,NaN
17,1,0.6,left,\RIGHT,24,102,0.6,23545.1994237133,NaN,NaN
17,1,0.6,left,\RIGHT,24,103,0.6,23545.2944340069,NaN,NaN
17,1,0.6,left,\RIGHT,24,104,0.6,23545.3894443006,NaN,NaN
17,1,0.6,left,\RIGHT,24,105,0.6,23545.4844545942,NaN,NaN
17,1,0.6,left,\RIGHT,24,106,0.6,23545.5794648879,NaN,NaN
17,1,0.6,left,\RIGHT,24,107,0.6,23545.6744751816,NaN,NaN
17,1,0.6,left,\RIGHT,24,108,0.6,23545.7694854752,NaN,NaN
17,1,0.6,left,\RIGHT,24,109,0.6,23545.8644957689,NaN,NaN
17,1,0.6,left,\RIGHT,24,110,0.6,23545.9595060626,NaN,NaN
17,1,0.6,left,\RIGHT,24,111,0.6,23546.0545163562,NaN,NaN
17,1,0.6,left,\RIGHT,24,112,0.6,23546.1495266499,NaN,NaN
17,1,0.6,left,\RIGHT,24,113,0.6,23546.2445369435,NaN,NaN
17,1,0.6,left,\RIGHT,24,114,0.6,23546.3395472372,NaN,NaN
17,1,0.6,left,\RIGHT,24,115,0.6,23546.4345575309,NaN,NaN
17,1,0.6,left,\RIGHT,24,116,0.6,23546.5295678245,NaN,NaN
17,1,0.6,left,\RIGHT,24,117,0.6,23546.6245781182,NaN,NaN
17,1,0.6,left,\RIGHT,24,118,0.6,23546.7195884119,NaN,NaN
17,1,0.6,left,\RIGHT,24,119,0.6,23546.8145987055,NaN,NaN
17,1,0.6,left,\RIGHT,24,120,0.6,23546.9096089992,NaN,NaN
17,1,0.6,left,\RIGHT,24,121,0.6,23547.0046192928,NaN,NaN
17,1,0.6,left,\RIGHT,24,122,0.6,23547.0996295865,NaN,NaN
17,1,0.6,left,\RIGHT,24,123,0.6,23547.1946398802,NaN,NaN
17,1,0.6,left,\RIGHT,24,124,0.6,23547.2896501738,NaN,NaN
17,1,0.6,left,\RIGHT,24,125,0.6,23547.3846604675,NaN,NaN
17,1,0.6,left,\RIGHT,24,126,0.6,23547.4796707612,NaN,NaN
17,1,0.6,left,\RIGHT,24,127,0.6,23547.5746810548,NaN,NaN
17,1,0.6,left,\RIGHT,24,128,0.6,23547.6696913485,NaN,NaN
17,1,0.6,left,\RIGHT,24,129,0.6,23547.7647016422,NaN,NaN
17,1,0.6,left,\RIGHT,24,130,0.6,23547.8597119358,NaN,NaN
17,1,0.6,left,\RIGHT,24,131,0.6,23547.9547222295,NaN,NaN
17,1,0.6,left,\RIGHT,24,132,0.6,23548.0497325231,NaN,NaN
17,1,0.6,left,\RIGHT,24,133,0.6,23548.1447428168,NaN,NaN
17,1,0.6,left,\RIGHT,24,134,0.6,23548.2397531105,NaN,NaN
17,1,0.6,left,\RIGHT,24,135,0.6,23548.3347634041,NaN,NaN
17,1,0.6,left,\RIGHT,24,136,0.6,23548.4297736978,NaN,NaN
17,1,0.6,left,\RIGHT,24,137,0.6,23548.5247839915,NaN,NaN
17,1,0.6,left,\RIGHT,24,138,0.6,23548.6197942851,NaN,NaN
17,1,0.6,left,\RIGHT,24,139,0.6,23548.7148045788,NaN,NaN
17,1,0.6,left,\RIGHT,24,140,0.6,23548.8098148724,NaN,NaN
17,1,0.6,left,\RIGHT,24,141,0.6,23548.9048251661,NaN,NaN
17,1,0.6,left,\RIGHT,24,142,0.6,23548.9998354598,NaN,NaN
17,1,0.6,left,\RIGHT,24,143,0.6,23549.0948457534,NaN,NaN
17,1,0.6,left,\RIGHT,24,144,0.6,23549.1898560471,NaN,NaN
17,1,0.6,left,\RIGHT,24,145,0.6,23549.2848663408,NaN,NaN
17,1,0.6,left,\RIGHT,24,146,0.6,23549.3798766344,NaN,NaN
17,1,0.6,left,\RIGHT,24,147,0.6,23549.4748869281,NaN,NaN
17,1,0.6,left,\RIGHT,24,148,0.6,23549.5698972218,NaN,NaN
17,1,0.6,left,\RIGHT,24,149,0.6,23549.6649075154,NaN,NaN
17,1,0.6,left,\RIGHT,24,150,0.6,23549.7599178091,NaN,NaN
17,1,0.6,left,\RIGHT,24,151,0.6,23549.8549281027,NaN,NaN
17,1,0.6,left,\RIGHT,24,152,0.6,23549.9499383964,NaN,NaN
17,1,0.6,left,\RIGHT,24,153,0.6,23550.0449486901,NaN,NaN
17,1,0.6,left,\RIGHT,24,154,0.6,23550.1399589837,NaN,NaN
17,1,0.6,left,\RIGHT,24,155,0.6,23550.2349692774,NaN,NaN
17,1,0.6,left,\RIGHT,24,156,0.6,23550.3299795711,NaN,NaN
17,1,0.6,left,\RIGHT,24,157,0.6,23550.4249898647,NaN,NaN
17,1,0.6,left,\RIGHT,24,158,0.6,23550.5200001584,NaN,NaN
17,1,0.6,left,\RIGHT,24,159,0.6,23550.615010452,NaN,NaN
17,1,0.6,left,\RIGHT,24,160,0.6,23550.7100207457,NaN,NaN
17,1,0.6,left,\RIGHT,24,161,0.6,23550.8050310394,NaN,NaN
17,1,0.6,left,\RIGHT,24,162,0.6,23550.900041333,NaN,NaN
17,1,0.6,left,\RIGHT,24,163,0.6,23550.9950516267,NaN,NaN
17,1,0.6,left,\RIGHT,24,164,0.6,23551.0900619204,NaN,NaN
17,1,0.6,left,\RIGHT,24,165,0.6,23551.185072214,NaN,NaN
17,1,0.6,left,\RIGHT,24,166,0.6,23551.2800825077,NaN,NaN
17,1,0.6,left,\RIGHT,24,167,0.6,23551.3750928014,NaN,NaN
17,1,0.6,left,\RIGHT,24,168,0.6,23551.470103095,NaN,NaN
17,1,0.6,left,\RIGHT,24,169,0.6,23551.5651133887,NaN,NaN
17,1,0.6,left,\RIGHT,24,170,0.6,23551.6601236823,NaN,NaN
17,1,0.6,left,\RIGHT,24,171,0.6,23551.755133976,NaN,NaN
17,1,0.6,left,\RIGHT,24,172,0.6,23551.8501442697,NaN,NaN
17,1,0.6,left,\RIGHT,24,173,0.6,23551.9451545633,NaN,NaN
17,1,0.6,left,\RIGHT,24,174,0.6,23552.040164857,NaN,NaN
17,1,0.6,left,\RIGHT,24,175,0.6,23552.1351751507,NaN,NaN
17,1,0.6,left,\RIGHT,24,176,0.6,23552.2301854443,NaN,NaN
17,1,0.6,left,\RIGHT,24,177,0.6,23552.325195738,NaN,NaN
17,1,0.6,left,\RIGHT,24,178,0.6,23552.4202060316,NaN,NaN
17,1,0.6,left,\RIGHT,24,179,0.6,23552.5152163253,NaN,NaN
17,1,0.6,left,\RIGHT,24,180,0.6,23552.610226619,NaN,NaN
17,1,0.6,left,\RIGHT,24,181,0.6,23552.7052369126,NaN,NaN
17,1,0.6,left,\RIGHT,24,182,0.6,23552.8002472063,NaN,NaN
17,1,0.6,left,\RIGHT,24,183,0.6,23552.8952575,NaN,NaN
17,1,0.6,left,\RIGHT,24,184,0.6,23552.9902677936,NaN,NaN
17,1,0.6,left,\RIGHT,24,185,0.6,23553.0852780873,NaN,NaN
17,1,0.6,left,\RIGHT,24,186,0.6,23553.180288381,NaN,NaN
17,1,0.6,left,\RIGHT,24,187,0.6,23553.2752986746,NaN,NaN
17,1,0.6,left,\RIGHT,24,188,0.6,23553.3703089683,NaN,NaN
17,1,0.6,left,\RIGHT,24,189,0.6,23553.4653192619,NaN,NaN
17,1,0.6,left,\RIGHT,24,190,0.6,23553.5603295556,NaN,NaN
17,1,0.6,left,\RIGHT,24,191,0.6,23553.6553398493,NaN,NaN
17,1,0.6,left,\RIGHT,24,192,0.6,23553.7503501429,NaN,NaN
17,1,0.6,left,\RIGHT,24,193,0.6,23553.8453604366,NaN,NaN
17,1,0.6,left,\RIGHT,24,194,0.6,23553.9403707303,NaN,NaN
17,1,0.6,left,\RIGHT,24,195,0.6,23554.0353810239,NaN,NaN
17,1,0.6,left,\RIGHT,24,196,0.6,23554.1303913176,NaN,NaN
17,1,0.6,left,\RIGHT,24,197,0.6,23554.2254016112,NaN,NaN
17,1,0.6,left,\RIGHT,24,198,0.6,23554.3204119049,NaN,NaN
17,1,0.6,left,\RIGHT,24,199,0.6,23554.4154221986,NaN,NaN
17,1,0.6,left,\RIGHT,24,200,0.6,23554.5104324922,NaN,NaN
17,1,0.6,left,\RIGHT,24,201,0.6,23554.6054427859,NaN,NaN
17,1,0.6,left,\RIGHT,24,202,0.6,23554.7004530796,NaN,NaN
17,1,0.6,right,\LEFT,25,1,0,23541.277109132,23541.277109132,-0.000525569521414582
17,1,0.6,right,\LEFT,25,2,0.015,23541.3721194257,23541.3072042289,0.0196167135727592
17,1,0.6,right,\LEFT,25,3,0.03,23541.4671297193,23541.3772023453,-0.000356742933945498
17,1,0.6,right,\LEFT,25,4,0.045,23541.562140013,23541.4772798621,-0.000215580614167266
17,1,0.6,right,\LEFT,25,5,0.06,23541.6571503067,23541.567356268,-0.000237278774875449
17,1,0.6,right,\LEFT,25,6,0.075,23541.7521606003,23541.6674078251,0.00973787239490775
17,1,0.6,right,\LEFT,25,7,0.09,23541.847170894,23541.7574624973,-0.000259012445894768
17,1,0.6,right,\LEFT,25,8,0.105,23541.9421811876,23541.8575321658,0.00975598378863651
17,1,0.6,right,\LEFT,25,9,0.12,23542.0371914813,23541.9476058551,-0.000239995482843369
17,1,0.6,right,\LEFT,25,10,0.135,23542.132201775,23542.0476637511,0.00974421138380421
17,1,0.6,right,\LEFT,25,11,0.15,23542.2272120686,23542.1377105751,-0.000266860715782968
17,1,0.6,right,\LEFT,25,12,0.165,23542.3222223623,23542.2377838659,0.00975960606956505
17,1,0.6,right,\LEFT,25,13,0.18,23542.417232656,23542.3278355196,-0.000262031011516228
17,1,0.6,right,\LEFT,25,14,0.195,23542.5122429496,23542.4279069992,0.00975779492728179
17,1,0.6,right,\LEFT,25,15,0.21,23542.6072532433,23542.5179441638,-0.000276520124316448
17,1,0.6,right,\LEFT,25,16,0.225,23542.702263537,23542.6180195675,0.00976171906222589
17,1,0.6,right,\LEFT,25,17,0.24,23542.7972738306,23542.7080851066,-0.000248145610385109
17,1,0.6,right,\LEFT,25,18,0.255,23542.8922841243,23542.8081611141,0.00976232277753297
17,1,0.6,right,\LEFT,25,19,0.27,23542.9872944179,23542.8982203142,-0.000254484595643589
17,1,0.6,right,\LEFT,25,20,0.285,23543.0823047116,23542.9982818326,0.00974783366109477
17,1,0.6,right,\LEFT,25,21,0.3,23543.1773150053,23543.0883416364,-0.000253880883974489
17,1,0.6,right,\LEFT,25,22,0.315,23543.2723252989,23543.1784162312,-0.000239089913520729
17,1,0.6,right,\LEFT,25,23,0.33,23543.3673355926,23543.2784152652,-0.000294063316687243
17,1,0.6,right,\LEFT,25,24,0.345,23543.4623458863,23543.3685134048,-0.000215545100218151
17,1,0.6,right,\LEFT,25,25,0.36,23543.5573561799,23543.4686057126,-0.000200789643713506
17,1,0.6,right,\LEFT,25,26,0.375,23543.6523664736,23543.5586724591,-0.000246938183408929
17,1,0.6,right,\LEFT,25,27,0.39,23543.7473767672,23543.6587110364,-0.000254520109592704
17,1,0.6,right,\LEFT,25,28,0.405,23543.8423870609,23543.7487853293,-0.000239391771174269
17,1,0.6,right,\LEFT,25,29,0.42,23543.9373973546,23543.8488184731,-0.000259953525528545
17,1,0.6,right,\LEFT,25,30,0.435,23544.0324076482,23543.9388695231,-0.000262634723185329
17,1,0.6,right,\LEFT,25,31,0.45,23544.1274179419,23544.038940399,-0.000222221457079286
17,1,0.6,right,\LEFT,25,32,0.465,23544.2224282356,23544.1290116734,-0.000242410336795729
17,1,0.6,right,\LEFT,25,33,0.48,23544.3174385292,23544.2290819456,-0.000222825168748386
17,1,0.6,right,\LEFT,25,34,0.495,23544.4124488229,23544.3291259563,0.00973032598267309
17,1,0.6,right,\LEFT,25,35,0.51,23544.5074591166,23544.4191875712,-0.000252069745329209
17,1,0.6,right,\LEFT,25,36,0.525,23544.6024694102,23544.5092497899,-0.000251466030022129
17,1,0.6,right,\LEFT,25,37,0.54,23544.6974797039,23544.6093423995,-0.000200487789697945
17,1,0.6,right,\LEFT,25,38,0.555,23544.7924899975,23544.6993934495,-0.000262634723185329
17,1,0.6,right,\LEFT,25,39,0.57,23544.8875002912,23544.799425084,-0.000261462806520285
17,1,0.6,right,\LEFT,25,40,0.585,23544.9825105849,23544.8895217144,-0.000217054388485849
17,1,0.6,right,\LEFT,25,41,0.6,23545.0775208785,23544.989532219,-0.000282592765870504
17,1,0.6,right,\LEFT,25,42,0.6,23545.1725311722,23545.0796499792,-0.00019592442913563
17,1,0.6,right,\LEFT,25,43,0.6,23545.2675414659,23545.1797353443,-0.000207732344279066
17,1,0.6,right,\LEFT,25,44,0.6,23545.3625517595,23545.2697604346,-0.000288594383164309
17,1,0.6,right,\LEFT,25,45,0.6,23545.4575620532,23545.3698243678,-0.000229164161282824
17,1,0.6,right,\LEFT,25,46,0.6,23545.5525723468,23545.4598533822,-0.000284670248220209
17,1,0.6,right,\LEFT,25,47,0.6,23545.6475826405,23545.5599607828,-0.000185696819244185
17,1,0.6,right,\LEFT,25,48,0.6,23545.7425929342,23545.6500145495,-0.00025991801157943
17,1,0.6,right,\LEFT,25,49,0.6,23545.8376032278,23545.7500845198,-0.000223127030039905
17,1,0.6,right,\LEFT,25,50,0.6,23545.9326135215,23545.8401416069,-0.000256597591942409
17,1,0.6,right,\LEFT,25,51,0.6,23546.0276238152,23545.9401611672,-0.000273537069006125
17,1,0.6,right,\LEFT,25,52,0.6,23546.1226341088,23546.0302300268,-0.000244825187110109
17,1,0.6,right,\LEFT,25,53,0.6,23546.2176444025,23546.130304525,-0.000218599179788725
17,1,0.6,right,\LEFT,25,54,0.6,23546.3126546962,23546.2203305208,-0.000287688817479648
17,1,0.6,right,\LEFT,25,55,0.6,23546.4076649898,23546.3204521086,-0.000171509560459526
17,1,0.6,right,\LEFT,25,56,0.6,23546.5026752835,23546.4205000435,0.00973425011761719
17,1,0.6,right,\LEFT,25,57,0.6,23546.5976855771,23546.5105532064,-0.000260521726886509
17,1,0.6,right,\LEFT,25,58,0.6,23546.6926958708,23546.6006401773,-0.00022671379338135
17,1,0.6,right,\LEFT,25,59,0.6,23546.7877061645,23546.7007152793,-0.000217995468119625
17,1,0.6,right,\LEFT,25,60,0.6,23546.8827164581,23546.7907835351,-0.000245428902417189
17,1,0.6,right,\LEFT,25,61,0.6,23546.9777267518,NaN,NaN
17,1,0.6,right,\LEFT,25,62,0.6,23547.0727370455,NaN,NaN
17,1,0.6,right,\LEFT,25,63,0.6,23547.1677473391,NaN,NaN
17,1,0.6,right,\LEFT,25,64,0.6,23547.2627576328,NaN,NaN
17,1,0.6,right,\LEFT,25,65,0.6,23547.3577679264,NaN,NaN
17,1,0.6,right,\LEFT,25,66,0.6,23547.4527782201,NaN,NaN
17,1,0.6,right,\LEFT,25,67,0.6,23547.5477885138,NaN,NaN
17,1,0.6,right,\LEFT,25,68,0.6,23547.6427988074,NaN,NaN
17,1,0.6,right,\LEFT,25,69,0.6,23547.7378091011,NaN,NaN
17,1,0.6,right,\LEFT,25,70,0.6,23547.8328193948,NaN,NaN
17,1,0.6,right,\LEFT,25,71,0.6,23547.9278296884,NaN,NaN
17,1,0.6,right,\LEFT,25,72,0.6,23548.0228399821,NaN,NaN
17,1,0.6,right,\LEFT,25,73,0.6,23548.1178502758,NaN,NaN
17,1,0.6,right,\LEFT,25,74,0.6,23548.2128605694,NaN,NaN
17,1,0.6,right,\LEFT,25,75,0.6,23548.3078708631,NaN,NaN
17,1,0.6,right,\LEFT,25,76,0.6,23548.4028811567,NaN,NaN
17,1,0.6,right,\LEFT,25,77,0.6,23548.4978914504,NaN,NaN
17,1,0.6,right,\LEFT,25,78,0.6,23548.5929017441,NaN,NaN
17,1,0.6,right,\LEFT,25,79,0.6,23548.6879120377,NaN,NaN
17,1,0.6,right,\LEFT,25,80,0.6,23548.7829223314,NaN,NaN
17,1,0.6,right,\LEFT,25,81,0.6,23548.8779326251,NaN,NaN
17,1,0.6,right,\LEFT,25,82,0.6,23548.9729429187,NaN,NaN
17,1,0.6,right,\LEFT,25,83,0.6,23549.0679532124,NaN,NaN
17,1,0.6,right,\LEFT,25,84,0.6,23549.162963506,NaN,NaN
17,1,0.6,right,\LEFT,25,85,0.6,23549.2579737997,NaN,NaN
17,1,0.6,right,\LEFT,25,86,0.6,23549.3529840934,NaN,NaN
17,1,0.6,right,\LEFT,25,87,0.6,23549.447994387,NaN,NaN
17,1,0.6,right,\LEFT,25,88,0.6,23549.5430046807,NaN,NaN
17,1,0.6,right,\LEFT,25,89,0.6,23549.6380149744,NaN,NaN
17,1,0.6,right,\LEFT,25,90,0.6,23549.733025268,NaN,NaN
17,1,0.6,right,\LEFT,25,91,0.6,23549.8280355617,NaN,NaN
17,1,0.6,right,\LEFT,25,92,0.6,23549.9230458553,NaN,NaN
17,1,0.6,right,\LEFT,25,93,0.6,23550.018056149,NaN,NaN
17,1,0.6,right,\LEFT,25,94,0.6,23550.1130664427,NaN,NaN
17,1,0.6,right,\LEFT,25,95,0.6,23550.2080767363,NaN,NaN
17,1,0.6,right,\LEFT,25,96,0.6,23550.30308703,NaN,NaN
17,1,0.6,right,\LEFT,25,97,0.6,23550.3980973237,NaN,NaN
17,1,0.6,right,\LEFT,25,98,0.6,23550.4931076173,NaN,NaN
17,1,0.6,right,\LEFT,25,99,0.6,23550.588117911,NaN,NaN
17,1,0.6,right,\LEFT,25,100,0.6,23550.6831282047,NaN,NaN
17,1,0.6,right,\LEFT,25,101,0.6,23550.7781384983,NaN,NaN
17,1,0.6,right,\LEFT,25,102,0.6,23550.873148792,NaN,NaN
17,1,0.6,right,\LEFT,25,103,0.6,23550.9681590856,NaN,NaN
17,1,0.6,right,\LEFT,25,104,0.6,23551.0631693793,NaN,NaN
17,1,0.6,right,\LEFT,25,105,0.6,23551.158179673,NaN,NaN
17,1,0.6,right,\LEFT,25,106,0.6,23551.2531899666,NaN,NaN
17,1,0.6,right,\LEFT,25,107,0.6,23551.3482002603,NaN,NaN
17,1,0.6,right,\LEFT,25,108,0.6,23551.443210554,NaN,NaN
17,1,0.6,right,\LEFT,25,109,0.6,23551.5382208476,NaN,NaN
17,1,0.6,right,\LEFT,25,110,0.6,23551.6332311413,NaN,NaN
17,1,0.6,right,\LEFT,25,111,0.6,23551.7282414349,NaN,NaN
17,1,0.6,right,\LEFT,25,112,0.6,23551.8232517286,NaN,NaN
17,1,0.6,right,\LEFT,25,113,0.6,23551.9182620223,NaN,NaN
17,1,0.6,right,\LEFT,25,114,0.6,23552.0132723159,NaN,NaN
17,1,0.6,right,\LEFT,25,115,0.6,23552.1082826096,NaN,NaN
17,1,0.6,right,\LEFT,25,116,0.6,23552.2032929033,NaN,NaN
17,1,0.6,right,\LEFT,25,117,0.6,23552.2983031969,NaN,NaN
17,1,0.6,right,\LEFT,25,118,0.6,23552.3933134906,NaN,NaN
17,1,0.6,right,\LEFT,25,119,0.6,23552.4883237843,NaN,NaN
17,1,0.6,right,\LEFT,25,120,0.6,23552.5833340779,NaN,NaN
17,1,0.6,right,\LEFT,25,121,0.6,23552.6783443716,NaN,NaN
17,1,0.6,right,\LEFT,25,122,0.6,23552.7733546652,NaN,NaN
17,1,0.6,right,\LEFT,25,123,0.6,23552.8683649589,NaN,NaN
17,1,0.6,right,\LEFT,25,124,0.6,23552.9633752526,NaN,NaN
17,1,0.6,right,\LEFT,25,125,0.6,23553.0583855462,NaN,NaN
17,1,0.6,right,\LEFT,25,126,0.6,23553.1533958399,NaN,NaN
17,1,0.6,right,\LEFT,25,127,0.6,23553.2484061336,NaN,NaN
17,1,0.6,right,\LEFT,25,128,0.6,23553.3434164272,NaN,NaN
17,1,0.6,right,\LEFT,25,129,0.6,23553.4384267209,NaN,NaN
17,1,0.6,right,\LEFT,25,130,0.6,23553.5334370145,NaN,NaN
17,1,0.6,right,\LEFT,25,131,0.6,23553.6284473082,NaN,NaN
17,1,0.6,right,\LEFT,25,132,0.6,23553.7234576019,NaN,NaN
17,1,0.6,right,\LEFT,25,133,0.6,23553.8184678955,NaN,NaN
17,1,0.6,right,\LEFT,25,134,0.6,23553.9134781892,NaN,NaN
17,1,0.6,right,\LEFT,25,135,0.6,23554.0084884829,NaN,NaN
17,1,0.6,right,\LEFT,25,136,0.6,23554.1034987765,NaN,NaN
17,1,0.6,right,\LEFT,25,137,0.6,23554.1985090702,NaN,NaN
17,1,0.6,right,\LEFT,25,138,0.6,23554.2935193638,NaN,NaN
17,1,0.6,right,\LEFT,25,139,0.6,23554.3885296575,NaN,NaN
17,1,0.6,right,\LEFT,25,140,0.6,23554.4835399512,NaN,NaN
17,1,0.6,right,\LEFT,25,141,0.6,23554.5785502448,NaN,NaN
17,1,0.6,right,\LEFT,25,142,0.6,23554.6735605385,NaN,NaN
17,1,0.6,right,\LEFT,25,143,0.6,23554.7685708322,NaN,NaN
17,1,0.6,right,\LEFT,25,144,0.6,23554.8635811258,NaN,NaN
17,1,0.6,right,\LEFT,25,145,0.6,23554.9585914195,NaN,NaN
17,1,0.6,right,\LEFT,25,146,0.6,23555.0536017132,NaN,NaN
17,1,0.6,right,\LEFT,25,147,0.6,23555.1486120068,NaN,NaN
17,1,0.6,right,\LEFT,25,148,0.6,23555.2436223005,NaN,NaN
17,1,0.6,right,\LEFT,25,149,0.6,23555.3386325941,NaN,NaN
17,1,0.6,right,\LEFT,25,150,0.6,23555.4336428878,NaN,NaN
17,1,0.6,right,\LEFT,25,151,0.6,23555.5286531815,NaN,NaN
17,1,0.6,right,\LEFT,25,152,0.6,23555.6236634751,NaN,NaN
17,1,0.6,right,\LEFT,25,153,0.6,23555.7186737688,NaN,NaN
17,1,0.6,right,\LEFT,25,154,0.6,23555.8136840625,NaN,NaN
17,1,0.6,right,\LEFT,25,155,0.6,23555.9086943561,NaN,NaN
17,1,0.6,right,\LEFT,25,156,0.6,23556.0037046498,NaN,NaN
17,1,0.6,right,\LEFT,25,157,0.6,23556.0987149434,NaN,NaN
17,1,0.6,right,\LEFT,25,158,0.6,23556.1937252371,NaN,NaN
17,1,0.6,right,\LEFT,25,159,0.6,23556.2887355308,NaN,NaN
17,1,0.6,right,\LEFT,25,160,0.6,23556.3837458244,NaN,NaN
17,1,0.6,right,\LEFT,25,161,0.6,23556.4787561181,NaN,NaN
17,1,0.6,right,\LEFT,25,162,0.6,23556.5737664118,NaN,NaN
17,1,0.6,right,\LEFT,25,163,0.6,23556.6687767054,NaN,NaN
17,1,0.6,right,\LEFT,25,164,0.6,23556.7637869991,NaN,NaN
17,1,0.6,right,\LEFT,25,165,0.6,23556.8587972928,NaN,NaN
17,1,0.6,right,\LEFT,25,166,0.6,23556.9538075864,NaN,NaN
17,1,0.6,right,\LEFT,25,167,0.6,23557.0488178801,NaN,NaN
17,1,0.6,right,\LEFT,25,168,0.6,23557.1438281737,NaN,NaN
17,1,0.6,right,\LEFT,25,169,0.6,23557.2388384674,NaN,NaN
17,1,0.6,right,\LEFT,25,170,0.6,23557.3338487611,NaN,NaN
17,1,0.6,right,\LEFT,25,171,0.6,23557.4288590547,NaN,NaN
17,1,0.6,right,\LEFT,25,172,0.6,23557.5238693484,NaN,NaN
17,1,0.6,right,\LEFT,25,173,0.6,23557.6188796421,NaN,NaN
17,1,0.6,right,\LEFT,25,174,0.6,23557.7138899357,NaN,NaN
17,1,0.6,right,\LEFT,25,175,0.6,23557.8089002294,NaN,NaN
17,1,0.6,right,\LEFT,25,176,0.6,23557.903910523,NaN,NaN
17,1,0.6,right,\LEFT,25,177,0.6,23557.9989208167,NaN,NaN
17,1,0.6,right,\LEFT,25,178,0.6,23558.0939311104,NaN,NaN
17,1,0.6,right,\LEFT,25,179,0.6,23558.188941404,NaN,NaN
17,1,0.6,right,\LEFT,25,180,0.6,23558.2839516977,NaN,NaN
17,1,0.6,right,\LEFT,25,181,0.6,23558.3789619914,NaN,NaN
17,1,0.6,right,\LEFT,25,182,0.6,23558.473972285,NaN,NaN
17,1,0.6,right,\LEFT,25,183,0.6,23558.5689825787,NaN,NaN
17,1,0.6,right,\LEFT,25,184,0.6,23558.6639928723,NaN,NaN
17,1,0.6,right,\LEFT,25,185,0.6,23558.759003166,NaN,NaN
17,1,0.6,right,\LEFT,25,186,0.6,23558.8540134597,NaN,NaN
17,1,0.6,right,\LEFT,25,187,0.6,23558.9490237533,NaN,NaN
17,1,0.6,right,\LEFT,25,188,0.6,23559.044034047,NaN,NaN
17,1,0.6,right,\LEFT,25,189,0.6,23559.1390443407,NaN,NaN
17,1,0.6,right,\LEFT,25,190,0.6,23559.2340546343,NaN,NaN
17,1,0.6,right,\LEFT,25,191,0.6,23559.329064928,NaN,NaN
17,1,0.6,right,\LEFT,25,192,0.6,23559.4240752217,NaN,NaN
17,1,0.6,right,\LEFT,25,193,0.6,23559.5190855153,NaN,NaN
17,1,0.6,right,\LEFT,25,194,0.6,23559.614095809,NaN,NaN
17,1,0.6,right,\LEFT,25,195,0.6,23559.7091061026,NaN,NaN
17,1,0.6,right,\LEFT,25,196,0.6,23559.8041163963,NaN,NaN
17,1,0.6,right,\LEFT,25,197,0.6,23559.89912669,NaN,NaN
17,1,0.6,right,\LEFT,25,198,0.6,23559.9941369836,NaN,NaN
17,1,0.6,right,\LEFT,25,199,0.6,23560.0891472773,NaN,NaN
17,1,0.6,right,\LEFT,25,200,0.6,23560.184157571,NaN,NaN
17,1,0.6,right,\LEFT,25,201,0.6,23560.2791678646,NaN,NaN
17,1,0.6,right,\LEFT,25,202,0.6,23560.3741781583,NaN,NaN
17,6,0.6,left,\LEFT,26,1,0,23548.3618149064,23548.3618149064,-0.000470329778181622
17,6,0.6,left,\LEFT,26,2,0,23548.4568252001,23548.3918146166,0.0195213269107626
17,6,0.6,left,\LEFT,26,3,0,23548.5518354937,23548.4618897065,-0.000279769519693218
17,6,0.6,left,\LEFT,26,4,0,23548.6468457874,23548.5619515267,-0.000231277153943665
17,6,0.6,left,\LEFT,26,5,0,23548.7418560811,23548.6519847671,-0.000280444259260548
17,6,0.6,left,\LEFT,26,6,0,23548.8368663747,23548.7520861305,-0.000191733946849126
17,6,0.6,left,\LEFT,26,7,0.015,23548.9318766684,23548.8420879779,-0.000311837338813348
17,6,0.6,left,\LEFT,26,8,0.03,23549.026886962,23548.9421567408,0.00975507821567589
17,6,0.6,left,\LEFT,26,9,0.045,23549.1218972557,23549.032234656,-0.00023576949024573
17,6,0.6,left,\LEFT,26,10,0.06,23549.2169075494,23549.1323097579,0.00976141720457235
17,6,0.6,left,\LEFT,26,11,0.075,23549.311917843,23549.2223194536,-0.000303989068925148
17,6,0.6,left,\LEFT,26,12,0.09,23549.4069281367,23549.3224196096,0.00978647129886667
17,6,0.6,left,\LEFT,26,13,0.105,23549.5019384304,23549.4124833375,-0.00024995674539241
17,6,0.6,left,\LEFT,26,14,0.12,23549.596948724,23549.51254878,0.00975175779603887
17,6,0.6,left,\LEFT,26,15,0.135,23549.6919590177,23549.6026064708,-0.000255993880273309
17,6,0.6,left,\LEFT,26,16,0.15,23549.7869693113,23549.702630559,0.00971040345029905
17,6,0.6,left,\LEFT,26,17,0.165,23549.881979605,23549.7927477156,-0.00019652814080473
17,6,0.6,left,\LEFT,26,18,0.18,23549.9769898987,23549.8928086302,0.00974722994942567
17,6,0.6,left,\LEFT,26,19,0.195,23550.0720001923,23549.9828732637,-0.000249051179707749
17,6,0.6,left,\LEFT,26,20,0.21,23550.167010486,23550.0829486675,0.00976171906222589
17,6,0.6,left,\LEFT,26,21,0.225,23550.2620207797,23550.1730126973,-0.000249654891376849
17,6,0.6,left,\LEFT,26,22,0.24,23550.3570310733,23550.2627495146,-0.000576867380004842
17,6,0.6,left,\LEFT,26,23,0.255,23550.452041367,23550.3630926651,5.00531386933289e-05
17,6,0.6,left,\LEFT,26,24,0.27,23550.5470516607,23550.4531630339,-0.000243315906118369
17,6,0.6,left,\LEFT,26,25,0.285,23550.6420619543,23550.5531904425,-0.000265688799117925
17,6,0.6,left,\LEFT,26,26,0.3,23550.737072248,23550.6432659429,-0.000238184344198089
17,6,0.6,left,\LEFT,26,27,0.315,23550.8320825416,23550.7433588543,-0.000200185928406427
17,6,0.6,left,\LEFT,26,28,0.33,23550.9270928353,23550.8334180544,-0.000254484599281568
17,6,0.6,left,\LEFT,26,29,0.345,23551.022103129,23550.9334720264,-0.000239125423831865
17,6,0.6,left,\LEFT,26,30,0.36,23551.1171134226,23551.0235103984,-0.000275312697340269
17,6,0.6,left,\LEFT,26,31,0.375,23551.2121237163,23551.1236500976,-0.000153398166730767
17,6,0.6,left,\LEFT,26,32,0.39,23551.30713401,23551.21367066,-0.000293122233415488
17,6,0.6,left,\LEFT,26,33,0.405,23551.4021443036,23551.3136651662,-0.000298591163300443
17,6,0.6,left,\LEFT,26,34,0.42,23551.4971545973,23551.4137894708,0.00981061982020037
17,6,0.6,left,\LEFT,26,35,0.435,23551.5921648909,23551.5038450486,-0.00025810687293415
17,6,0.6,left,\LEFT,26,36,0.45,23551.6871751846,23551.5938873447,-0.000271388562396169
17,6,0.6,left,\LEFT,26,37,0.465,23551.7821854783,23551.6940053103,-0.000175131841388065
17,6,0.6,left,\LEFT,26,38,0.48,23551.8771957719,23551.7840409656,-0.000278029405308189
17,6,0.6,left,\LEFT,26,39,0.495,23551.9722060656,23551.8840795428,-0.000254520109592704
17,6,0.6,left,\LEFT,26,40,0.51,23552.0672163593,23551.9741345169,-0.000258710588241229
17,6,0.6,left,\LEFT,26,41,0.525,23552.1622266529,23552.0742307488,-0.000196865508769406
17,6,0.6,left,\LEFT,26,42,0.54,23552.2572369466,23552.164249802,-0.000294631514407229
17,6,0.6,left,\LEFT,26,43,0.555,23552.3522472402,23552.2643644471,-0.000178452261025086
17,6,0.6,left,\LEFT,26,44,0.57,23552.4472575339,23552.3543928578,-0.000285273963527288
17,6,0.6,left,\LEFT,26,45,0.585,23552.5422678276,23552.4544622245,-0.000223730741709005
17,6,0.6,left,\LEFT,26,46,0.6,23552.6372781212,23552.5445386304,-0.000237278774875449
17,6,0.6,left,\LEFT,26,47,0.6,23552.7322884149,23552.6446061859,-0.000225541880354285
17,6,0.6,left,\LEFT,26,48,0.6,23552.8272987086,23552.7346819881,-0.000237882486544549
17,6,0.6,left,\LEFT,26,49,0.6,23552.9223090022,23552.8347018503,-0.000273235211352585
17,6,0.6,left,\LEFT,26,50,0.6,23553.0173192959,23552.9247595411,-0.000255993880273309
17,6,0.6,left,\LEFT,26,51,0.6,23553.1123295896,23553.0248464154,-0.000206223063287325
17,6,0.6,left,\LEFT,26,52,0.6,23553.2073398832,23553.1149086341,-0.000251466030022129
17,6,0.6,left,\LEFT,26,53,0.6,23553.3023501769,23553.2149864527,-0.000215278756513726
17,6,0.6,left,\LEFT,26,54,0.6,23553.3973604705,23553.3050688957,-0.000231241643632529
17,6,0.6,left,\LEFT,26,55,0.6,23553.4923707642,23553.4050902672,-0.000271725930360844
17,6,0.6,left,\LEFT,26,56,0.6,23553.5873810579,23553.5051454466,0.00974149467219831
17,6,0.6,left,\LEFT,26,57,0.6,23553.6823913515,23553.5952197395,-0.00023939176753629
17,6,0.6,left,\LEFT,26,58,0.6,23553.7774016452,23553.6852590171,-0.000274407128017629
17,6,0.6,left,\LEFT,26,59,0.6,23553.8724119389,23553.7853549471,-0.000197167366422946
17,6,0.6,left,\LEFT,26,60,0.6,23553.9674222325,23553.8754093175,-0.000259314303548308
17,6,0.6,left,\LEFT,26,61,0.6,23554.0624325262,NaN,NaN
17,6,0.6,left,\LEFT,26,62,0.6,23554.1574428198,NaN,NaN
17,6,0.6,left,\LEFT,26,63,0.6,23554.2524531135,NaN,NaN
17,6,0.6,left,\LEFT,26,64,0.6,23554.3474634072,NaN,NaN
17,6,0.6,left,\LEFT,26,65,0.6,23554.4424737008,NaN,NaN
17,6,0.6,left,\LEFT,26,66,0.6,23554.5374839945,NaN,NaN
17,6,0.6,left,\LEFT,26,67,0.6,23554.6324942882,NaN,NaN
17,6,0.6,left,\LEFT,26,68,0.6,23554.7275045818,NaN,NaN
17,6,0.6,left,\LEFT,26,69,0.6,23554.8225148755,NaN,NaN
17,6,0.6,left,\LEFT,26,70,0.6,23554.9175251692,NaN,NaN
17,6,0.6,left,\LEFT,26,71,0.6,23555.0125354628,NaN,NaN
17,6,0.6,left,\LEFT,26,72,0.6,23555.1075457565,NaN,NaN
17,6,0.6,left,\LEFT,26,73,0.6,23555.2025560501,NaN,NaN
17,6,0.6,left,\LEFT,26,74,0.6,23555.2975663438,NaN,NaN
17,6,0.6,left,\LEFT,26,75,0.6,23555.3925766375,NaN,NaN
17,6,0.6,left,\LEFT,26,76,0.6,23555.4875869311,NaN,NaN
17,6,0.6,left,\LEFT,26,77,0.6,23555.5825972248,NaN,NaN
17,6,0.6,left,\LEFT,26,78,0.6,23555.6776075185,NaN,NaN
17,6,0.6,left,\LEFT,26,79,0.6,23555.7726178121,NaN,NaN
17,6,0.6,left,\LEFT,26,80,0.6,23555.8676281058,NaN,NaN
17,6,0.6,left,\LEFT,26,81,0.6,23555.9626383994,NaN,NaN
17,6,0.6,left,\LEFT,26,82,0.6,23556.0576486931,NaN,NaN
17,6,0.6,left,\LEFT,26,83,0.6,23556.1526589868,NaN,NaN
17,6,0.6,left,\LEFT,26,84,0.6,23556.2476692804,NaN,NaN
17,6,0.6,left,\LEFT,26,85,0.6,23556.3426795741,NaN,NaN
17,6,0.6,left,\LEFT,26,86,0.6,23556.4376898678,NaN,NaN
17,6,0.6,left,\LEFT,26,87,0.6,23556.5327001614,NaN,NaN
17,6,0.6,left,\LEFT,26,88,0.6,23556.6277104551,NaN,NaN
17,6,0.6,left,\LEFT,26,89,0.6,23556.7227207487,NaN,NaN
17,6,0.6,left,\LEFT,26,90,0.6,23556.8177310424,NaN,NaN
17,6,0.6,left,\LEFT,26,91,0.6,23556.9127413361,NaN,NaN
17,6,0.6,left,\LEFT,26,92,0.6,23557.0077516297,NaN,NaN
17,6,0.6,left,\LEFT,26,93,0.6,23557.1027619234,NaN,NaN
17,6,0.6,left,\LEFT,26,94,0.6,23557.1977722171,NaN,NaN
17,6,0.6,left,\LEFT,26,95,0.6,23557.2927825107,NaN,NaN
17,6,0.6,left,\LEFT,26,96,0.6,23557.3877928044,NaN,NaN
17,6,0.6,left,\LEFT,26,97,0.6,23557.4828030981,NaN,NaN
17,6,0.6,left,\LEFT,26,98,0.6,23557.5778133917,NaN,NaN
17,6,0.6,left,\LEFT,26,99,0.6,23557.6728236854,NaN,NaN
17,6,0.6,left,\LEFT,26,100,0.6,23557.767833979,NaN,NaN
17,6,0.6,left,\LEFT,26,101,0.6,23557.8628442727,NaN,NaN
17,6,0.6,left,\LEFT,26,102,0.6,23557.9578545664,NaN,NaN
17,6,0.6,left,\LEFT,26,103,0.6,23558.05286486,NaN,NaN
17,6,0.6,left,\LEFT,26,104,0.6,23558.1478751537,NaN,NaN
17,6,0.6,left,\LEFT,26,105,0.6,23558.2428854474,NaN,NaN
17,6,0.6,left,\LEFT,26,106,0.6,23558.337895741,NaN,NaN
17,6,0.6,left,\LEFT,26,107,0.6,23558.4329060347,NaN,NaN
17,6,0.6,left,\LEFT,26,108,0.6,23558.5279163283,NaN,NaN
17,6,0.6,left,\LEFT,26,109,0.6,23558.622926622,NaN,NaN
17,6,0.6,left,\LEFT,26,110,0.6,23558.7179369157,NaN,NaN
17,6,0.6,left,\LEFT,26,111,0.6,23558.8129472093,NaN,NaN
17,6,0.6,left,\LEFT,26,112,0.6,23558.907957503,NaN,NaN
17,6,0.6,left,\LEFT,26,113,0.6,23559.0029677967,NaN,NaN
17,6,0.6,left,\LEFT,26,114,0.6,23559.0979780903,NaN,NaN
17,6,0.6,left,\LEFT,26,115,0.6,23559.192988384,NaN,NaN
17,6,0.6,left,\LEFT,26,116,0.6,23559.2879986777,NaN,NaN
17,6,0.6,left,\LEFT,26,117,0.6,23559.3830089713,NaN,NaN
17,6,0.6,left,\LEFT,26,118,0.6,23559.478019265,NaN,NaN
17,6,0.6,left,\LEFT,26,119,0.6,23559.5730295586,NaN,NaN
17,6,0.6,left,\LEFT,26,120,0.6,23559.6680398523,NaN,NaN
17,6,0.6,left,\LEFT,26,121,0.6,23559.763050146,NaN,NaN
17,6,0.6,left,\LEFT,26,122,0.6,23559.8580604396,NaN,NaN
17,6,0.6,left,\LEFT,26,123,0.6,23559.9530707333,NaN,NaN
17,6,0.6,left,\LEFT,26,124,0.6,23560.048081027,NaN,NaN
17,6,0.6,left,\LEFT,26,125,0.6,23560.1430913206,NaN,NaN
17,6,0.6,left,\LEFT,26,126,0.6,23560.2381016143,NaN,NaN
17,6,0.6,left,\LEFT,26,127,0.6,23560.3331119079,NaN,NaN
17,6,0.6,left,\LEFT,26,128,0.6,23560.4281222016,NaN,NaN
17,6,0.6,left,\LEFT,26,129,0.6,23560.5231324953,NaN,NaN
17,6,0.6,left,\LEFT,26,130,0.6,23560.6181427889,NaN,NaN
17,6,0.6,left,\LEFT,26,131,0.6,23560.7131530826,NaN,NaN
17,6,0.6,left,\LEFT,26,132,0.6,23560.8081633763,NaN,NaN
17,6,0.6,left,\LEFT,26,133,0.6,23560.9031736699,NaN,NaN
17,6,0.6,left,\LEFT,26,134,0.6,23560.9981839636,NaN,NaN
17,6,0.6,left,\LEFT,26,135,0.6,23561.0931942573,NaN,NaN
17,6,0.6,left,\LEFT,26,136,0.6,23561.1882045509,NaN,NaN
17,6,0.6,left,\LEFT,26,137,0.6,23561.2832148446,NaN,NaN
17,6,0.6,left,\LEFT,26,138,0.6,23561.3782251382,NaN,NaN
17,6,0.6,left,\LEFT,26,139,0.6,23561.4732354319,NaN,NaN
17,6,0.6,left,\LEFT,26,140,0.6,23561.5682457256,NaN,NaN
17,6,0.6,left,\LEFT,26,141,0.6,23561.6632560192,NaN,NaN
17,6,0.6,left,\LEFT,26,142,0.6,23561.7582663129,NaN,NaN
17,6,0.6,left,\LEFT,26,143,0.6,23561.8532766066,NaN,NaN
17,6,0.6,left,\LEFT,26,144,0.6,23561.9482869002,NaN,NaN
17,6,0.6,left,\LEFT,26,145,0.6,23562.0432971939,NaN,NaN
17,6,0.6,left,\LEFT,26,146,0.6,23562.1383074875,NaN,NaN
17,6,0.6,left,\LEFT,26,147,0.6,23562.2333177812,NaN,NaN
17,6,0.6,left,\LEFT,26,148,0.6,23562.3283280749,NaN,NaN
17,6,0.6,left,\LEFT,26,149,0.6,23562.4233383685,NaN,NaN
17,6,0.6,left,\LEFT,26,150,0.6,23562.5183486622,NaN,NaN
17,6,0.6,left,\LEFT,26,151,0.6,23562.6133589559,NaN,NaN
17,6,0.6,left,\LEFT,26,152,0.6,23562.7083692495,NaN,NaN
17,6,0.6,left,\LEFT,26,153,0.6,23562.8033795432,NaN,NaN
17,6,0.6,left,\LEFT,26,154,0.6,23562.8983898369,NaN,NaN
17,6,0.6,left,\LEFT,26,155,0.6,23562.9934001305,NaN,NaN
17,6,0.6,left,\LEFT,26,156,0.6,23563.0884104242,NaN,NaN
17,6,0.6,left,\LEFT,26,157,0.6,23563.1834207178,NaN,NaN
17,6,0.6,left,\LEFT,26,158,0.6,23563.2784310115,NaN,NaN
17,6,0.6,left,\LEFT,26,159,0.6,23563.3734413052,NaN,NaN
17,6,0.6,left,\LEFT,26,160,0.6,23563.4684515988,NaN,NaN
17,6,0.6,left,\LEFT,26,161,0.6,23563.5634618925,NaN,NaN
17,6,0.6,left,\LEFT,26,162,0.6,23563.6584721862,NaN,NaN
17,6,0.6,left,\LEFT,26,163,0.6,23563.7534824798,NaN,NaN
17,6,0.6,left,\LEFT,26,164,0.6,23563.8484927735,NaN,NaN
17,6,0.6,left,\LEFT,26,165,0.6,23563.9435030671,NaN,NaN
17,6,0.6,left,\LEFT,26,166,0.6,23564.0385133608,NaN,NaN
17,6,0.6,left,\LEFT,26,167,0.6,23564.1335236545,NaN,NaN
17,6,0.6,left,\LEFT,26,168,0.6,23564.2285339481,NaN,NaN
17,6,0.6,left,\LEFT,26,169,0.6,23564.3235442418,NaN,NaN
17,6,0.6,left,\LEFT,26,170,0.6,23564.4185545355,NaN,NaN
17,6,0.6,left,\LEFT,26,171,0.6,23564.5135648291,NaN,NaN
17,6,0.6,left,\LEFT,26,172,0.6,23564.6085751228,NaN,NaN
17,6,0.6,left,\LEFT,26,173,0.6,23564.7035854165,NaN,NaN
17,6,0.6,left,\LEFT,26,174,0.6,23564.7985957101,NaN,NaN
17,6,0.6,left,\LEFT,26,175,0.6,23564.8936060038,NaN,NaN
17,6,0.6,left,\LEFT,26,176,0.6,23564.9886162974,NaN,NaN
17,6,0.6,left,\LEFT,26,177,0.6,23565.0836265911,NaN,NaN
17,6,0.6,left,\LEFT,26,178,0.6,23565.1786368848,NaN,NaN
17,6,0.6,left,\LEFT,26,179,0.6,23565.2736471784,NaN,NaN
17,6,0.6,left,\LEFT,26,180,0.6,23565.3686574721,NaN,NaN
17,6,0.6,left,\LEFT,26,181,0.6,23565.4636677658,NaN,NaN
17,6,0.6,left,\LEFT,26,182,0.6,23565.5586780594,NaN,NaN
17,6,0.6,left,\LEFT,26,183,0.6,23565.6536883531,NaN,NaN
17,6,0.6,left,\LEFT,26,184,0.6,23565.7486986467,NaN,NaN
17,6,0.6,left,\LEFT,26,185,0.6,23565.8437089404,NaN,NaN
17,6,0.6,left,\LEFT,26,186,0.6,23565.9387192341,NaN,NaN
17,6,0.6,left,\LEFT,26,187,0.6,23566.0337295277,NaN,NaN
17,6,0.6,left,\LEFT,26,188,0.6,23566.1287398214,NaN,NaN
17,6,0.6,left,\LEFT,26,189,0.6,23566.2237501151,NaN,NaN
17,6,0.6,left,\LEFT,26,190,0.6,23566.3187604087,NaN,NaN
17,6,0.6,left,\LEFT,26,191,0.6,23566.4137707024,NaN,NaN
17,6,0.6,left,\LEFT,26,192,0.6,23566.508780996,NaN,NaN
17,6,0.6,left,\LEFT,26,193,0.6,23566.6037912897,NaN,NaN
17,6,0.6,left,\LEFT,26,194,0.6,23566.6988015834,NaN,NaN
17,6,0.6,left,\LEFT,26,195,0.6,23566.793811877,NaN,NaN
17,6,0.6,left,\LEFT,26,196,0.6,23566.8888221707,NaN,NaN
17,6,0.6,left,\LEFT,26,197,0.6,23566.9838324644,NaN,NaN
17,6,0.6,left,\LEFT,26,198,0.6,23567.078842758,NaN,NaN
17,6,0.6,left,\LEFT,26,199,0.6,23567.1738530517,NaN,NaN
17,6,0.6,left,\LEFT,26,200,0.6,23567.2688633454,NaN,NaN
17,6,0.6,left,\LEFT,26,201,0.6,23567.363873639,NaN,NaN
17,6,0.6,left,\LEFT,26,202,0.6,23567.4588839327,NaN,NaN
17,11,0.6,left,\RIGHT,27,1,0,23555.6765580023,23555.6765580023,-0.000485120744997403
17,11,0.6,left,\RIGHT,27,2,0,23555.771568296,23555.7066032929,0.0195669072454621
17,11,0.6,left,\RIGHT,27,3,0,23555.8665785897,23555.7766309912,-0.000327160996675957
17,11,0.6,left,\RIGHT,27,4,0,23555.9615888833,23555.8767048857,-0.000219202891457826
17,11,0.6,left,\RIGHT,27,5,0,23556.056599177,23555.9667550301,-0.000263540292507969
17,11,0.6,left,\RIGHT,27,6,0,23556.1516094707,23556.0668530731,-0.000195054370124126
17,11,0.6,left,\RIGHT,27,7,0,23556.2466197643,23556.1568986897,-0.000268068142759148
17,11,0.6,left,\RIGHT,27,8,0,23556.341630058,23556.2569740935,0.00976171906222589
17,11,0.6,left,\RIGHT,27,9,0,23556.4366403516,23556.347009145,-0.000278633116977289
17,11,0.6,left,\RIGHT,27,10,0,23556.5316506453,23556.4470836432,0.00976081349290325
17,11,0.6,left,\RIGHT,27,11,0,23556.626660939,23556.5371322784,-0.000265049577137688
17,11,0.6,left,\RIGHT,27,12,0.015,23556.7216712326,23556.6372276047,0.00978164159459993
17,11,0.6,left,\RIGHT,27,13,0.03,23556.8166815263,23556.727288314,-0.000252975314651849
17,11,0.6,left,\RIGHT,27,14,0.045,23556.91169182,23556.8273582844,0.00975628564629005
17,11,0.6,left,\RIGHT,27,15,0.06,23557.0067021136,23556.9174108437,-0.000261125442193588
17,11,0.6,left,\RIGHT,27,16,0.075,23557.1017124073,23557.0174352337,0.00971070530795259
17,11,0.6,left,\RIGHT,27,17,0.09,23557.1967227009,23557.1075062062,-0.000242712190811289
17,11,0.6,left,\RIGHT,27,18,0.105,23557.2917329946,23557.2075707431,0.00975085222671623
17,11,0.6,left,\RIGHT,27,19,0.12,23557.3867432883,23557.2976610344,-0.000223393373744329
17,11,0.6,left,\RIGHT,27,20,0.135,23557.4817535819,23557.3977150064,0.00974028724886011
17,11,0.6,left,\RIGHT,27,21,0.15,23557.5767638756,23557.4877720935,-0.000256597591942409
17,11,0.6,left,\RIGHT,27,22,0.165,23557.6717741693,23557.5775258148,-0.000559963416890241
17,11,0.6,left,\RIGHT,27,23,0.18,23557.7667844629,23557.6778991509,8.02387949079275e-05
17,11,0.6,left,\RIGHT,27,24,0.195,23557.8617947566,23557.7676347608,-0.000578074806981022
17,11,0.6,left,\RIGHT,27,25,0.21,23557.9568050503,23557.8680352641,0.000107405881863087
17,11,0.6,left,\RIGHT,27,26,0.225,23558.0518153439,23557.9580757491,-0.000273199701041449
17,11,0.6,left,\RIGHT,27,27,0.24,23558.1468256376,23558.0581070818,-0.000261764664173825
17,11,0.6,left,\RIGHT,27,28,0.255,23558.2418359312,23558.1482175975,-0.000203168987354729
17,11,0.6,left,\RIGHT,27,29,0.27,23558.3368462249,23558.2482993403,-0.000211354621569626
17,11,0.6,left,\RIGHT,27,30,0.285,23558.4318565186,23558.3383540125,-0.000259012445894768
17,11,0.6,left,\RIGHT,27,31,0.3,23558.5268668122,23558.4383965139,-0.000250595971010625
17,11,0.6,left,\RIGHT,27,32,0.315,23558.6218771059,23558.5284354896,-0.000274708985671168
17,11,0.6,left,\RIGHT,27,33,0.33,23558.7168873996,23558.6285380605,-0.000190526523510925
17,11,0.6,left,\RIGHT,27,34,0.345,23558.8118976932,23558.7285884102,0.00973666497156955
17,11,0.6,left,\RIGHT,27,35,0.36,23558.9069079869,23558.8186593827,-0.000242712190811289
17,11,0.6,left,\RIGHT,27,36,0.375,23559.0019182805,23558.9087182809,-0.000254786453297129
17,11,0.6,left,\RIGHT,27,37,0.39,23559.0969285742,23559.0087873457,-0.000224032599362545
17,11,0.6,left,\RIGHT,27,38,0.405,23559.1919388679,23559.0988453384,-0.000255692022619769
17,11,0.6,left,\RIGHT,27,39,0.42,23559.2869491615,23559.1988775766,-0.000260859094851185
17,11,0.6,left,\RIGHT,27,40,0.435,23559.3819594552,23559.2889663587,-0.00022490265473607
17,11,0.6,left,\RIGHT,27,41,0.45,23559.4769697489,23559.3890314993,-0.000227956734306645
17,11,0.6,left,\RIGHT,27,42,0.465,23559.5719800425,23559.4790849642,-0.000260219869232969
17,11,0.6,left,\RIGHT,27,43,0.48,23559.6669903362,23559.5792162114,-0.000161850151926046
17,11,0.6,left,\RIGHT,27,44,0.495,23559.7620006298,23559.6691869675,-0.000342928564350586
17,11,0.6,left,\RIGHT,27,45,0.51,23559.8570109235,23559.7692134705,-0.000266594368440565
17,11,0.6,left,\RIGHT,27,46,0.525,23559.9520212172,23559.8593596053,-0.000167549911566311
17,11,0.6,left,\RIGHT,27,47,0.54,23560.0470315108,23559.9593818823,-0.000270820361038204
17,11,0.6,left,\RIGHT,27,48,0.555,23560.1420418045,23560.0494561753,-0.000239391771174269
17,11,0.6,left,\RIGHT,27,49,0.57,23560.2370520982,23560.1494944507,-0.000254821963608265
17,11,0.6,left,\RIGHT,27,50,0.585,23560.3320623918,23560.2396110035,-0.00019713185611181
17,11,0.6,left,\RIGHT,27,51,0.6,23560.4270726855,NaN,NaN
17,11,0.6,left,\RIGHT,27,52,0.6,23560.5220829792,NaN,NaN
17,11,0.6,left,\RIGHT,27,53,0.6,23560.6170932728,NaN,NaN
17,11,0.6,left,\RIGHT,27,54,0.6,23560.7121035665,NaN,NaN
17,11,0.6,left,\RIGHT,27,55,0.6,23560.8071138601,NaN,NaN
17,11,0.6,left,\RIGHT,27,56,0.6,23560.9021241538,NaN,NaN
17,11,0.6,left,\RIGHT,27,57,0.6,23560.9971344475,NaN,NaN
17,11,0.6,left,\RIGHT,27,58,0.6,23561.0921447411,NaN,NaN
17,11,0.6,left,\RIGHT,27,59,0.6,23561.1871550348,NaN,NaN
17,11,0.6,left,\RIGHT,27,60,0.6,23561.2821653285,NaN,NaN
17,11,0.6,left,\RIGHT,27,61,0.6,23561.3771756221,NaN,NaN
17,11,0.6,left,\RIGHT,27,62,0.6,23561.4721859158,NaN,NaN
17,11,0.6,left,\RIGHT,27,63,0.6,23561.5671962094,NaN,NaN
17,11,0.6,left,\RIGHT,27,64,0.6,23561.6622065031,NaN,NaN
17,11,0.6,left,\RIGHT,27,65,0.6,23561.7572167968,NaN,NaN
17,11,0.6,left,\RIGHT,27,66,0.6,23561.8522270904,NaN,NaN
17,11,0.6,left,\RIGHT,27,67,0.6,23561.9472373841,NaN,NaN
17,11,0.6,left,\RIGHT,27,68,0.6,23562.0422476778,NaN,NaN
17,11,0.6,left,\RIGHT,27,69,0.6,23562.1372579714,NaN,NaN
17,11,0.6,left,\RIGHT,27,70,0.6,23562.2322682651,NaN,NaN
17,11,0.6,left,\RIGHT,27,71,0.6,23562.3272785588,NaN,NaN
17,11,0.6,left,\RIGHT,27,72,0.6,23562.4222888524,NaN,NaN
17,11,0.6,left,\RIGHT,27,73,0.6,23562.5172991461,NaN,NaN
17,11,0.6,left,\RIGHT,27,74,0.6,23562.6123094397,NaN,NaN
17,11,0.6,left,\RIGHT,27,75,0.6,23562.7073197334,NaN,NaN
17,11,0.6,left,\RIGHT,27,76,0.6,23562.8023300271,NaN,NaN
17,11,0.6,left,\RIGHT,27,77,0.6,23562.8973403207,NaN,NaN
17,11,0.6,left,\RIGHT,27,78,0.6,23562.9923506144,NaN,NaN
17,11,0.6,left,\RIGHT,27,79,0.6,23563.0873609081,NaN,NaN
17,11,0.6,left,\RIGHT,27,80,0.6,23563.1823712017,NaN,NaN
17,11,0.6,left,\RIGHT,27,81,0.6,23563.2773814954,NaN,NaN
17,11,0.6,left,\RIGHT,27,82,0.6,23563.372391789,NaN,NaN
17,11,0.6,left,\RIGHT,27,83,0.6,23563.4674020827,NaN,NaN
17,11,0.6,left,\RIGHT,27,84,0.6,23563.5624123764,NaN,NaN
17,11,0.6,left,\RIGHT,27,85,0.6,23563.65742267,NaN,NaN
17,11,0.6,left,\RIGHT,27,86,0.6,23563.7524329637,NaN,NaN
17,11,0.6,left,\RIGHT,27,87,0.6,23563.8474432574,NaN,NaN
17,11,0.6,left,\RIGHT,27,88,0.6,23563.942453551,NaN,NaN
17,11,0.6,left,\RIGHT,27,89,0.6,23564.0374638447,NaN,NaN
17,11,0.6,left,\RIGHT,27,90,0.6,23564.1324741384,NaN,NaN
17,11,0.6,left,\RIGHT,27,91,0.6,23564.227484432,NaN,NaN
17,11,0.6,left,\RIGHT,27,92,0.6,23564.3224947257,NaN,NaN
17,11,0.6,left,\RIGHT,27,93,0.6,23564.4175050193,NaN,NaN
17,11,0.6,left,\RIGHT,27,94,0.6,23564.512515313,NaN,NaN
17,11,0.6,left,\RIGHT,27,95,0.6,23564.6075256067,NaN,NaN
17,11,0.6,left,\RIGHT,27,96,0.6,23564.7025359003,NaN,NaN
17,11,0.6,left,\RIGHT,27,97,0.6,23564.797546194,NaN,NaN
17,11,0.6,left,\RIGHT,27,98,0.6,23564.8925564877,NaN,NaN
17,11,0.6,left,\RIGHT,27,99,0.6,23564.9875667813,NaN,NaN
17,11,0.6,left,\RIGHT,27,100,0.6,23565.082577075,NaN,NaN
17,11,0.6,left,\RIGHT,27,101,0.6,23565.1775873686,NaN,NaN
17,11,0.6,left,\RIGHT,27,102,0.6,23565.2725976623,NaN,NaN
17,11,0.6,left,\RIGHT,27,103,0.6,23565.367607956,NaN,NaN
17,11,0.6,left,\RIGHT,27,104,0.6,23565.4626182496,NaN,NaN
17,11,0.6,left,\RIGHT,27,105,0.6,23565.5576285433,NaN,NaN
17,11,0.6,left,\RIGHT,27,106,0.6,23565.652638837,NaN,NaN
17,11,0.6,left,\RIGHT,27,107,0.6,23565.7476491306,NaN,NaN
17,11,0.6,left,\RIGHT,27,108,0.6,23565.8426594243,NaN,NaN
17,11,0.6,left,\RIGHT,27,109,0.6,23565.937669718,NaN,NaN
17,11,0.6,left,\RIGHT,27,110,0.6,23566.0326800116,NaN,NaN
17,11,0.6,left,\RIGHT,27,111,0.6,23566.1276903053,NaN,NaN
17,11,0.6,left,\RIGHT,27,112,0.6,23566.2227005989,NaN,NaN
17,11,0.6,left,\RIGHT,27,113,0.6,23566.3177108926,NaN,NaN
17,11,0.6,left,\RIGHT,27,114,0.6,23566.4127211863,NaN,NaN
17,11,0.6,left,\RIGHT,27,115,0.6,23566.5077314799,NaN,NaN
17,11,0.6,left,\RIGHT,27,116,0.6,23566.6027417736,NaN,NaN
17,11,0.6,left,\RIGHT,27,117,0.6,23566.6977520673,NaN,NaN
17,11,0.6,left,\RIGHT,27,118,0.6,23566.7927623609,NaN,NaN
17,11,0.6,left,\RIGHT,27,119,0.6,23566.8877726546,NaN,NaN
17,11,0.6,left,\RIGHT,27,120,0.6,23566.9827829482,NaN,NaN
17,11,0.6,left,\RIGHT,27,121,0.6,23567.0777932419,NaN,NaN
17,11,0.6,left,\RIGHT,27,122,0.6,23567.1728035356,NaN,NaN
17,11,0.6,left,\RIGHT,27,123,0.6,23567.2678138292,NaN,NaN
17,11,0.6,left,\RIGHT,27,124,0.6,23567.3628241229,NaN,NaN
17,11,0.6,left,\RIGHT,27,125,0.6,23567.4578344166,NaN,NaN
17,11,0.6,left,\RIGHT,27,126,0.6,23567.5528447102,NaN,NaN
17,11,0.6,left,\RIGHT,27,127,0.6,23567.6478550039,NaN,NaN
17,11,0.6,left,\RIGHT,27,128,0.6,23567.7428652976,NaN,NaN
17,11,0.6,left,\RIGHT,27,129,0.6,23567.8378755912,NaN,NaN
17,11,0.6,left,\RIGHT,27,130,0.6,23567.9328858849,NaN,NaN
17,11,0.6,left,\RIGHT,27,131,0.6,23568.0278961785,NaN,NaN
17,11,0.6,left,\RIGHT,27,132,0.6,23568.1229064722,NaN,NaN
17,11,0.6,left,\RIGHT,27,133,0.6,23568.2179167659,NaN,NaN
17,11,0.6,left,\RIGHT,27,134,0.6,23568.3129270595,NaN,NaN
17,11,0.6,left,\RIGHT,27,135,0.6,23568.4079373532,NaN,NaN
17,11,0.6,left,\RIGHT,27,136,0.6,23568.5029476469,NaN,NaN
17,11,0.6,left,\RIGHT,27,137,0.6,23568.5979579405,NaN,NaN
17,11,0.6,left,\RIGHT,27,138,0.6,23568.6929682342,NaN,NaN
17,11,0.6,left,\RIGHT,27,139,0.6,23568.7879785278,NaN,NaN
17,11,0.6,left,\RIGHT,27,140,0.6,23568.8829888215,NaN,NaN
17,11,0.6,left,\RIGHT,27,141,0.6,23568.9779991152,NaN,NaN
17,11,0.6,left,\RIGHT,27,142,0.6,23569.0730094088,NaN,NaN
17,11,0.6,left,\RIGHT,27,143,0.6,23569.1680197025,NaN,NaN
17,11,0.6,left,\RIGHT,27,144,0.6,23569.2630299962,NaN,NaN
17,11,0.6,left,\RIGHT,27,145,0.6,23569.3580402898,NaN,NaN
17,11,0.6,left,\RIGHT,27,146,0.6,23569.4530505835,NaN,NaN
17,11,0.6,left,\RIGHT,27,147,0.6,23569.5480608771,NaN,NaN
17,11,0.6,left,\RIGHT,27,148,0.6,23569.6430711708,NaN,NaN
17,11,0.6,left,\RIGHT,27,149,0.6,23569.7380814645,NaN,NaN
17,11,0.6,left,\RIGHT,27,150,0.6,23569.8330917581,NaN,NaN
17,11,0.6,left,\RIGHT,27,151,0.6,23569.9281020518,NaN,NaN
17,11,0.6,left,\RIGHT,27,152,0.6,23570.0231123455,NaN,NaN
17,11,0.6,left,\RIGHT,27,153,0.6,23570.1181226391,NaN,NaN
17,11,0.6,left,\RIGHT,27,154,0.6,23570.2131329328,NaN,NaN
17,11,0.6,left,\RIGHT,27,155,0.6,23570.3081432265,NaN,NaN
17,11,0.6,left,\RIGHT,27,156,0.6,23570.4031535201,NaN,NaN
17,11,0.6,left,\RIGHT,27,157,0.6,23570.4981638138,NaN,NaN
17,11,0.6,left,\RIGHT,27,158,0.6,23570.5931741074,NaN,NaN
17,11,0.6,left,\RIGHT,27,159,0.6,23570.6881844011,NaN,NaN
17,11,0.6,left,\RIGHT,27,160,0.6,23570.7831946948,NaN,NaN
17,11,0.6,left,\RIGHT,27,161,0.6,23570.8782049884,NaN,NaN
17,11,0.6,left,\RIGHT,27,162,0.6,23570.9732152821,NaN,NaN
17,11,0.6,left,\RIGHT,27,163,0.6,23571.0682255758,NaN,NaN
17,11,0.6,left,\RIGHT,27,164,0.6,23571.1632358694,NaN,NaN
17,11,0.6,left,\RIGHT,27,165,0.6,23571.2582461631,NaN,NaN
17,11,0.6,left,\RIGHT,27,166,0.6,23571.3532564567,NaN,NaN
17,11,0.6,left,\RIGHT,27,167,0.6,23571.4482667504,NaN,NaN
17,11,0.6,left,\RIGHT,27,168,0.6,23571.5432770441,NaN,NaN
17,11,0.6,left,\RIGHT,27,169,0.6,23571.6382873377,NaN,NaN
17,11,0.6,left,\RIGHT,27,170,0.6,23571.7332976314,NaN,NaN
17,11,0.6,left,\RIGHT,27,171,0.6,23571.8283079251,NaN,NaN
17,11,0.6,left,\RIGHT,27,172,0.6,23571.9233182187,NaN,NaN
17,11,0.6,left,\RIGHT,27,173,0.6,23572.0183285124,NaN,NaN
17,11,0.6,left,\RIGHT,27,174,0.6,23572.1133388061,NaN,NaN
17,11,0.6,left,\RIGHT,27,175,0.6,23572.2083490997,NaN,NaN
17,11,0.6,left,\RIGHT,27,176,0.6,23572.3033593934,NaN,NaN
17,11,0.6,left,\RIGHT,27,177,0.6,23572.398369687,NaN,NaN
17,11,0.6,left,\RIGHT,27,178,0.6,23572.4933799807,NaN,NaN
17,11,0.6,left,\RIGHT,27,179,0.6,23572.5883902744,NaN,NaN
17,11,0.6,left,\RIGHT,27,180,0.6,23572.683400568,NaN,NaN
17,11,0.6,left,\RIGHT,27,181,0.6,23572.7784108617,NaN,NaN
17,11,0.6,left,\RIGHT,27,182,0.6,23572.8734211554,NaN,NaN
17,11,0.6,left,\RIGHT,27,183,0.6,23572.968431449,NaN,NaN
17,11,0.6,left,\RIGHT,27,184,0.6,23573.0634417427,NaN,NaN
17,11,0.6,left,\RIGHT,27,185,0.6,23573.1584520363,NaN,NaN
17,11,0.6,left,\RIGHT,27,186,0.6,23573.25346233,NaN,NaN
17,11,0.6,left,\RIGHT,27,187,0.6,23573.3484726237,NaN,NaN
17,11,0.6,left,\RIGHT,27,188,0.6,23573.4434829173,NaN,NaN
17,11,0.6,left,\RIGHT,27,189,0.6,23573.538493211,NaN,NaN
17,11,0.6,left,\RIGHT,27,190,0.6,23573.6335035047,NaN,NaN
17,11,0.6,left,\RIGHT,27,191,0.6,23573.7285137983,NaN,NaN
17,11,0.6,left,\RIGHT,27,192,0.6,23573.823524092,NaN,NaN
17,11,0.6,left,\RIGHT,27,193,0.6,23573.9185343857,NaN,NaN
17,11,0.6,left,\RIGHT,27,194,0.6,23574.0135446793,NaN,NaN
17,11,0.6,left,\RIGHT,27,195,0.6,23574.108554973,NaN,NaN
17,11,0.6,left,\RIGHT,27,196,0.6,23574.2035652666,NaN,NaN
17,11,0.6,left,\RIGHT,27,197,0.6,23574.2985755603,NaN,NaN
17,11,0.6,left,\RIGHT,27,198,0.6,23574.393585854,NaN,NaN
17,11,0.6,left,\RIGHT,27,199,0.6,23574.4885961476,NaN,NaN
17,11,0.6,left,\RIGHT,27,200,0.6,23574.5836064413,NaN,NaN
17,11,0.6,left,\RIGHT,27,201,0.6,23574.678616735,NaN,NaN
17,11,0.6,left,\RIGHT,27,202,0.6,23574.7736270286,NaN,NaN
17,7,0.6,left,\RIGHT,28,1,0,23561.800607758,23561.800607758,-0.000475159478810383
17,7,0.6,left,\RIGHT,28,2,0,23561.8956180516,23561.8206431838,0.00955704257285106
17,7,0.6,left,\RIGHT,28,3,0,23561.9906283453,23561.9006819543,-0.000295501569780754
17,7,0.6,left,\RIGHT,28,4,0,23562.0856386389,23562.0007368318,-0.000238219854509225
17,7,0.6,left,\RIGHT,28,5,0,23562.1806489326,23562.0908032765,-0.000247240041062469
17,7,0.6,left,\RIGHT,28,6,0,23562.2756592263,23562.1908675115,-0.000228862299991306
17,7,0.6,left,\RIGHT,28,7,0,23562.3706695199,23562.2809315414,-0.000249654895014828
17,7,0.6,left,\RIGHT,28,8,0.015,23562.4656798136,23562.380971326,0.00972609999371343
17,7,0.6,left,\RIGHT,28,9,0.03,23562.5606901073,23562.4710552784,-0.000229732362640789
17,7,0.6,left,\RIGHT,28,10,0.045,23562.6557004009,23562.5711143819,0.00974541881078039
17,7,0.6,left,\RIGHT,28,11,0.06,23562.7507106946,23562.6611554706,-0.000272595989372348
17,7,0.6,left,\RIGHT,28,12,0.075,23562.8457209883,23562.7612447598,0.00977560446335701
17,7,0.6,left,\RIGHT,28,13,0.09,23562.9407312819,23562.8513027525,-0.000255692022619769
17,7,0.6,left,\RIGHT,28,14,0.105,23563.0357415756,23562.9513524984,0.00973606125626247
17,7,0.6,left,\RIGHT,28,15,0.12,23563.1307518692,23563.041433734,-0.000232449070608709
17,7,0.6,left,\RIGHT,28,16,0.135,23563.2257621629,23563.1414985728,0.00975115408436977
17,7,0.6,left,\RIGHT,28,17,0.15,23563.3207724566,23563.2315683379,-0.000243919617787469
17,7,0.6,left,\RIGHT,28,18,0.165,23563.4157827502,23563.3316238191,0.00974179652985185
17,7,0.6,left,\RIGHT,28,19,0.18,23563.5107930439,23563.4216821137,-0.000255390164966229
17,7,0.6,left,\RIGHT,28,20,0.195,23563.6058033376,23563.5217511784,0.00975538007332943
17,7,0.6,left,\RIGHT,28,21,0.21,23563.7008136312,23563.6118112841,-0.000253579026320949
17,7,0.6,left,\RIGHT,28,22,0.225,23563.7958239249,23563.701557459,-0.000567509825486923
17,7,0.6,left,\RIGHT,28,23,0.24,23563.8908342185,23563.8019039299,5.33735619683284e-05
17,7,0.6,left,\RIGHT,28,24,0.255,23563.9858445122,23563.8919830526,-0.000234562066907529
17,7,0.6,left,\RIGHT,28,25,0.27,23564.0808548059,23563.9920264595,-0.000249690401687985
17,7,0.6,left,\RIGHT,28,26,0.285,23564.1758650995,23564.0820799244,-0.000260219872870948
17,7,0.6,left,\RIGHT,28,27,0.3,23564.2708753932,23564.1821755525,-0.000197469220438506
17,7,0.6,left,\RIGHT,28,28,0.315,23564.3658856869,23564.2722223765,-0.000266860715782968
17,7,0.6,left,\RIGHT,28,29,0.33,23564.4608959805,23564.3723001951,-0.000215278760151705
17,7,0.6,left,\RIGHT,28,30,0.345,23564.5559062742,23564.4623618101,-0.00025206974169123
17,7,0.6,left,\RIGHT,28,31,0.36,23564.6509165678,23564.5624000855,-0.000254821967246244
17,7,0.6,left,\RIGHT,28,32,0.375,23564.7459268615,23564.6524556633,-0.00025810687293415
17,7,0.6,left,\RIGHT,28,33,0.39,23564.8409371552,23564.7525452543,-0.000203506355319405
17,7,0.6,left,\RIGHT,28,34,0.405,23564.9359474488,23564.8526429955,0.00978405644855229
17,7,0.6,left,\RIGHT,28,35,0.42,23565.0309577425,23564.9426569171,-0.000299763076327508
17,7,0.6,left,\RIGHT,28,36,0.435,23565.1259680362,23565.0327360397,-0.000234562066907529
17,7,0.6,left,\RIGHT,28,37,0.45,23565.2209783298,23565.132791521,-0.000237616142840125
17,7,0.6,left,\RIGHT,28,38,0.465,23565.3159886235,23565.2228591731,-0.000246032614086289
17,7,0.6,left,\RIGHT,28,39,0.48,23565.4109989172,23565.3229273323,-0.000224938165047206
17,7,0.6,left,\RIGHT,28,40,0.495,23565.5060092108,23565.4129901546,-0.000250862318353029
17,7,0.6,left,\RIGHT,28,41,0.51,23565.6010195045,23565.513060125,-0.000223127030039905
17,7,0.6,left,\RIGHT,28,42,0.525,23565.6960297981,23565.6030695188,-0.000304290922940709
17,7,0.6,left,\RIGHT,28,43,0.54,23565.7910400918,23565.7031729952,-0.000189620954188285
17,7,0.6,left,\RIGHT,28,44,0.555,23565.8860503855,23565.7932521178,-0.00023456206326955
17,7,0.6,left,\RIGHT,28,45,0.57,23565.9810606791,23565.8932925062,-0.000252708970947424
17,7,0.6,left,\RIGHT,28,46,0.585,23566.0760709728,NaN,NaN
17,7,0.6,left,\RIGHT,28,47,0.6,23566.1710812665,NaN,NaN
17,7,0.6,left,\RIGHT,28,48,0.6,23566.2660915601,NaN,NaN
17,7,0.6,left,\RIGHT,28,49,0.6,23566.3611018538,NaN,NaN
17,7,0.6,left,\RIGHT,28,50,0.6,23566.4561121474,NaN,NaN
17,7,0.6,left,\RIGHT,28,51,0.6,23566.5511224411,NaN,NaN
17,7,0.6,left,\RIGHT,28,52,0.6,23566.6461327348,NaN,NaN
17,7,0.6,left,\RIGHT,28,53,0.6,23566.7411430284,NaN,NaN
17,7,0.6,left,\RIGHT,28,54,0.6,23566.8361533221,NaN,NaN
17,7,0.6,left,\RIGHT,28,55,0.6,23566.9311636158,NaN,NaN
17,7,0.6,left,\RIGHT,28,56,0.6,23567.0261739094,NaN,NaN
17,7,0.6,left,\RIGHT,28,57,0.6,23567.1211842031,NaN,NaN
17,7,0.6,left,\RIGHT,28,58,0.6,23567.2161944968,NaN,NaN
17,7,0.6,left,\RIGHT,28,59,0.6,23567.3112047904,NaN,NaN
17,7,0.6,left,\RIGHT,28,60,0.6,23567.4062150841,NaN,NaN
17,7,0.6,left,\RIGHT,28,61,0.6,23567.5012253777,NaN,NaN
17,7,0.6,left,\RIGHT,28,62,0.6,23567.5962356714,NaN,NaN
17,7,0.6,left,\RIGHT,28,63,0.6,23567.6912459651,NaN,NaN
17,7,0.6,left,\RIGHT,28,64,0.6,23567.7862562587,NaN,NaN
17,7,0.6,left,\RIGHT,28,65,0.6,23567.8812665524,NaN,NaN
17,7,0.6,left,\RIGHT,28,66,0.6,23567.9762768461,NaN,NaN
17,7,0.6,left,\RIGHT,28,67,0.6,23568.0712871397,NaN,NaN
17,7,0.6,left,\RIGHT,28,68,0.6,23568.1662974334,NaN,NaN
17,7,0.6,left,\RIGHT,28,69,0.6,23568.261307727,NaN,NaN
17,7,0.6,left,\RIGHT,28,70,0.6,23568.3563180207,NaN,NaN
17,7,0.6,left,\RIGHT,28,71,0.6,23568.4513283144,NaN,NaN
17,7,0.6,left,\RIGHT,28,72,0.6,23568.546338608,NaN,NaN
17,7,0.6,left,\RIGHT,28,73,0.6,23568.6413489017,NaN,NaN
17,7,0.6,left,\RIGHT,28,74,0.6,23568.7363591954,NaN,NaN
17,7,0.6,left,\RIGHT,28,75,0.6,23568.831369489,NaN,NaN
17,7,0.6,left,\RIGHT,28,76,0.6,23568.9263797827,NaN,NaN
17,7,0.6,left,\RIGHT,28,77,0.6,23569.0213900763,NaN,NaN
17,7,0.6,left,\RIGHT,28,78,0.6,23569.11640037,NaN,NaN
17,7,0.6,left,\RIGHT,28,79,0.6,23569.2114106637,NaN,NaN
17,7,0.6,left,\RIGHT,28,80,0.6,23569.3064209573,NaN,NaN
17,7,0.6,left,\RIGHT,28,81,0.6,23569.401431251,NaN,NaN
17,7,0.6,left,\RIGHT,28,82,0.6,23569.4964415447,NaN,NaN
17,7,0.6,left,\RIGHT,28,83,0.6,23569.5914518383,NaN,NaN
17,7,0.6,left,\RIGHT,28,84,0.6,23569.686462132,NaN,NaN
17,7,0.6,left,\RIGHT,28,85,0.6,23569.7814724257,NaN,NaN
17,7,0.6,left,\RIGHT,28,86,0.6,23569.8764827193,NaN,NaN
17,7,0.6,left,\RIGHT,28,87,0.6,23569.971493013,NaN,NaN
17,7,0.6,left,\RIGHT,28,88,0.6,23570.0665033066,NaN,NaN
17,7,0.6,left,\RIGHT,28,89,0.6,23570.1615136003,NaN,NaN
17,7,0.6,left,\RIGHT,28,90,0.6,23570.256523894,NaN,NaN
17,7,0.6,left,\RIGHT,28,91,0.6,23570.3515341876,NaN,NaN
17,7,0.6,left,\RIGHT,28,92,0.6,23570.4465444813,NaN,NaN
17,7,0.6,left,\RIGHT,28,93,0.6,23570.541554775,NaN,NaN
17,7,0.6,left,\RIGHT,28,94,0.6,23570.6365650686,NaN,NaN
17,7,0.6,left,\RIGHT,28,95,0.6,23570.7315753623,NaN,NaN
17,7,0.6,left,\RIGHT,28,96,0.6,23570.8265856559,NaN,NaN
17,7,0.6,left,\RIGHT,28,97,0.6,23570.9215959496,NaN,NaN
17,7,0.6,left,\RIGHT,28,98,0.6,23571.0166062433,NaN,NaN
17,7,0.6,left,\RIGHT,28,99,0.6,23571.1116165369,NaN,NaN
17,7,0.6,left,\RIGHT,28,100,0.6,23571.2066268306,NaN,NaN
17,7,0.6,left,\RIGHT,28,101,0.6,23571.3016371243,NaN,NaN
17,7,0.6,left,\RIGHT,28,102,0.6,23571.3966474179,NaN,NaN
17,7,0.6,left,\RIGHT,28,103,0.6,23571.4916577116,NaN,NaN
17,7,0.6,left,\RIGHT,28,104,0.6,23571.5866680053,NaN,NaN
17,7,0.6,left,\RIGHT,28,105,0.6,23571.6816782989,NaN,NaN
17,7,0.6,left,\RIGHT,28,106,0.6,23571.7766885926,NaN,NaN
17,7,0.6,left,\RIGHT,28,107,0.6,23571.8716988862,NaN,NaN
17,7,0.6,left,\RIGHT,28,108,0.6,23571.9667091799,NaN,NaN
17,7,0.6,left,\RIGHT,28,109,0.6,23572.0617194736,NaN,NaN
17,7,0.6,left,\RIGHT,28,110,0.6,23572.1567297672,NaN,NaN
17,7,0.6,left,\RIGHT,28,111,0.6,23572.2517400609,NaN,NaN
17,7,0.6,left,\RIGHT,28,112,0.6,23572.3467503546,NaN,NaN
17,7,0.6,left,\RIGHT,28,113,0.6,23572.4417606482,NaN,NaN
17,7,0.6,left,\RIGHT,28,114,0.6,23572.5367709419,NaN,NaN
17,7,0.6,left,\RIGHT,28,115,0.6,23572.6317812355,NaN,NaN
17,7,0.6,left,\RIGHT,28,116,0.6,23572.7267915292,NaN,NaN
17,7,0.6,left,\RIGHT,28,117,0.6,23572.8218018229,NaN,NaN
17,7,0.6,left,\RIGHT,28,118,0.6,23572.9168121165,NaN,NaN
17,7,0.6,left,\RIGHT,28,119,0.6,23573.0118224102,NaN,NaN
17,7,0.6,left,\RIGHT,28,120,0.6,23573.1068327039,NaN,NaN
17,7,0.6,left,\RIGHT,28,121,0.6,23573.2018429975,NaN,NaN
17,7,0.6,left,\RIGHT,28,122,0.6,23573.2968532912,NaN,NaN
17,7,0.6,left,\RIGHT,28,123,0.6,23573.3918635849,NaN,NaN
17,7,0.6,left,\RIGHT,28,124,0.6,23573.4868738785,NaN,NaN
17,7,0.6,left,\RIGHT,28,125,0.6,23573.5818841722,NaN,NaN
17,7,0.6,left,\RIGHT,28,126,0.6,23573.6768944658,NaN,NaN
17,7,0.6,left,\RIGHT,28,127,0.6,23573.7719047595,NaN,NaN
17,7,0.6,left,\RIGHT,28,128,0.6,23573.8669150532,NaN,NaN
17,7,0.6,left,\RIGHT,28,129,0.6,23573.9619253468,NaN,NaN
17,7,0.6,left,\RIGHT,28,130,0.6,23574.0569356405,NaN,NaN
17,7,0.6,left,\RIGHT,28,131,0.6,23574.1519459342,NaN,NaN
17,7,0.6,left,\RIGHT,28,132,0.6,23574.2469562278,NaN,NaN
17,7,0.6,left,\RIGHT,28,133,0.6,23574.3419665215,NaN,NaN
17,7,0.6,left,\RIGHT,28,134,0.6,23574.4369768151,NaN,NaN
17,7,0.6,left,\RIGHT,28,135,0.6,23574.5319871088,NaN,NaN
17,7,0.6,left,\RIGHT,28,136,0.6,23574.6269974025,NaN,NaN
17,7,0.6,left,\RIGHT,28,137,0.6,23574.7220076961,NaN,NaN
17,7,0.6,left,\RIGHT,28,138,0.6,23574.8170179898,NaN,NaN
17,7,0.6,left,\RIGHT,28,139,0.6,23574.9120282835,NaN,NaN
17,7,0.6,left,\RIGHT,28,140,0.6,23575.0070385771,NaN,NaN
17,7,0.6,left,\RIGHT,28,141,0.6,23575.1020488708,NaN,NaN
17,7,0.6,left,\RIGHT,28,142,0.6,23575.1970591644,NaN,NaN
17,7,0.6,left,\RIGHT,28,143,0.6,23575.2920694581,NaN,NaN
17,7,0.6,left,\RIGHT,28,144,0.6,23575.3870797518,NaN,NaN
17,7,0.6,left,\RIGHT,28,145,0.6,23575.4820900454,NaN,NaN
17,7,0.6,left,\RIGHT,28,146,0.6,23575.5771003391,NaN,NaN
17,7,0.6,left,\RIGHT,28,147,0.6,23575.6721106328,NaN,NaN
17,7,0.6,left,\RIGHT,28,148,0.6,23575.7671209264,NaN,NaN
17,7,0.6,left,\RIGHT,28,149,0.6,23575.8621312201,NaN,NaN
17,7,0.6,left,\RIGHT,28,150,0.6,23575.9571415138,NaN,NaN
17,7,0.6,left,\RIGHT,28,151,0.6,23576.0521518074,NaN,NaN
17,7,0.6,left,\RIGHT,28,152,0.6,23576.1471621011,NaN,NaN
17,7,0.6,left,\RIGHT,28,153,0.6,23576.2421723947,NaN,NaN
17,7,0.6,left,\RIGHT,28,154,0.6,23576.3371826884,NaN,NaN
17,7,0.6,left,\RIGHT,28,155,0.6,23576.4321929821,NaN,NaN
17,7,0.6,left,\RIGHT,28,156,0.6,23576.5272032757,NaN,NaN
17,7,0.6,left,\RIGHT,28,157,0.6,23576.6222135694,NaN,NaN
17,7,0.6,left,\RIGHT,28,158,0.6,23576.7172238631,NaN,NaN
17,7,0.6,left,\RIGHT,28,159,0.6,23576.8122341567,NaN,NaN
17,7,0.6,left,\RIGHT,28,160,0.6,23576.9072444504,NaN,NaN
17,7,0.6,left,\RIGHT,28,161,0.6,23577.002254744,NaN,NaN
17,7,0.6,left,\RIGHT,28,162,0.6,23577.0972650377,NaN,NaN
17,7,0.6,left,\RIGHT,28,163,0.6,23577.1922753314,NaN,NaN
17,7,0.6,left,\RIGHT,28,164,0.6,23577.287285625,NaN,NaN
17,7,0.6,left,\RIGHT,28,165,0.6,23577.3822959187,NaN,NaN
17,7,0.6,left,\RIGHT,28,166,0.6,23577.4773062124,NaN,NaN
17,7,0.6,left,\RIGHT,28,167,0.6,23577.572316506,NaN,NaN
17,7,0.6,left,\RIGHT,28,168,0.6,23577.6673267997,NaN,NaN
17,7,0.6,left,\RIGHT,28,169,0.6,23577.7623370934,NaN,NaN
17,7,0.6,left,\RIGHT,28,170,0.6,23577.857347387,NaN,NaN
17,7,0.6,left,\RIGHT,28,171,0.6,23577.9523576807,NaN,NaN
17,7,0.6,left,\RIGHT,28,172,0.6,23578.0473679743,NaN,NaN
17,7,0.6,left,\RIGHT,28,173,0.6,23578.142378268,NaN,NaN
17,7,0.6,left,\RIGHT,28,174,0.6,23578.2373885617,NaN,NaN
17,7,0.6,left,\RIGHT,28,175,0.6,23578.3323988553,NaN,NaN
17,7,0.6,left,\RIGHT,28,176,0.6,23578.427409149,NaN,NaN
17,7,0.6,left,\RIGHT,28,177,0.6,23578.5224194427,NaN,NaN
17,7,0.6,left,\RIGHT,28,178,0.6,23578.6174297363,NaN,NaN
17,7,0.6,left,\RIGHT,28,179,0.6,23578.71244003,NaN,NaN
17,7,0.6,left,\RIGHT,28,180,0.6,23578.8074503236,NaN,NaN
17,7,0.6,left,\RIGHT,28,181,0.6,23578.9024606173,NaN,NaN
17,7,0.6,left,\RIGHT,28,182,0.6,23578.997470911,NaN,NaN
17,7,0.6,left,\RIGHT,28,183,0.6,23579.0924812046,NaN,NaN
17,7,0.6,left,\RIGHT,28,184,0.6,23579.1874914983,NaN,NaN
17,7,0.6,left,\RIGHT,28,185,0.6,23579.282501792,NaN,NaN
17,7,0.6,left,\RIGHT,28,186,0.6,23579.3775120856,NaN,NaN
17,7,0.6,left,\RIGHT,28,187,0.6,23579.4725223793,NaN,NaN
17,7,0.6,left,\RIGHT,28,188,0.6,23579.567532673,NaN,NaN
17,7,0.6,left,\RIGHT,28,189,0.6,23579.6625429666,NaN,NaN
17,7,0.6,left,\RIGHT,28,190,0.6,23579.7575532603,NaN,NaN
17,7,0.6,left,\RIGHT,28,191,0.6,23579.8525635539,NaN,NaN
17,7,0.6,left,\RIGHT,28,192,0.6,23579.9475738476,NaN,NaN
17,7,0.6,left,\RIGHT,28,193,0.6,23580.0425841413,NaN,NaN
17,7,0.6,left,\RIGHT,28,194,0.6,23580.1375944349,NaN,NaN
17,7,0.6,left,\RIGHT,28,195,0.6,23580.2326047286,NaN,NaN
17,7,0.6,left,\RIGHT,28,196,0.6,23580.3276150223,NaN,NaN
17,7,0.6,left,\RIGHT,28,197,0.6,23580.4226253159,NaN,NaN
17,7,0.6,left,\RIGHT,28,198,0.6,23580.5176356096,NaN,NaN
17,7,0.6,left,\RIGHT,28,199,0.6,23580.6126459032,NaN,NaN
17,7,0.6,left,\RIGHT,28,200,0.6,23580.7076561969,NaN,NaN
17,7,0.6,left,\RIGHT,28,201,0.6,23580.8026664906,NaN,NaN
17,7,0.6,left,\RIGHT,28,202,0.6,23580.8976767842,NaN,NaN
17,11,0.6,left,\RIGHT,29,1,0,23567.2942265107,23567.2942265107,-0.000452822099759942
17,11,0.6,left,\RIGHT,29,2,0,23567.3892368044,23567.3442516856,0.039546791529574
17,11,0.6,left,\RIGHT,29,3,0,23567.4842470981,23567.3942493915,-0.000398328113078605
17,11,0.6,left,\RIGHT,29,4,0,23567.5792573917,23567.4943489437,-0.000193545089132385
17,11,0.6,left,\RIGHT,29,5,0,23567.6742676854,23567.5844069364,-0.000255692022619769
17,11,0.6,left,\RIGHT,29,6,0,23567.769277979,23567.6844766049,-0.000223428884055465
17,11,0.6,left,\RIGHT,29,7,0,23567.8642882727,23567.7745345976,-0.000255692022619769
17,11,0.6,left,\RIGHT,29,8,0,23567.9592985664,23567.8745819287,0.00973364640594809
17,11,0.6,left,\RIGHT,29,9,0,23568.05430886,23567.9646405251,-0.000255088310950669
17,11,0.6,left,\RIGHT,29,10,0,23568.1493191537,23568.0647497368,0.00979552699573105
17,11,0.6,left,\RIGHT,29,11,0,23568.2443294474,23568.1547989756,-0.000264445865468588
17,11,0.6,left,\RIGHT,29,12,0.015,23568.339339741,23568.2548559661,0.00974330581448157
17,11,0.6,left,\RIGHT,29,13,0.03,23568.4343500347,23568.3449079217,-0.000261729153862689
17,11,0.6,left,\RIGHT,29,14,0.045,23568.5293603284,23568.4449830236,0.00976141720821033
17,11,0.6,left,\RIGHT,29,15,0.06,23568.624370622,23568.535031055,-0.000265653288806789
17,11,0.6,left,\RIGHT,29,16,0.075,23568.7193809157,23568.6351064588,0.00976171906222589
17,11,0.6,left,\RIGHT,29,17,0.09,23568.8143912093,23568.7251710923,-0.000249051179707749
17,11,0.6,left,\RIGHT,29,18,0.105,23568.909401503,23568.8252051417,0.00972036471648607
17,11,0.6,left,\RIGHT,29,19,0.12,23569.0044117967,23568.9152842643,-0.000234562066907529
17,11,0.6,left,\RIGHT,29,20,0.135,23569.0994220903,23569.0153690257,0.00977107661674381
17,11,0.6,left,\RIGHT,29,21,0.15,23569.194432384,23569.1054113218,-0.000271388562396169
17,11,0.6,left,\RIGHT,29,22,0.165,23569.2894426777,23569.1951710802,-0.000553926282009343
17,11,0.6,left,\RIGHT,29,23,0.18,23569.3844529713,23569.2955404922,7.63146563258488e-05
17,11,0.6,left,\RIGHT,29,24,0.195,23569.479463265,23569.3855948626,-0.000259314299910329
17,11,0.6,left,\RIGHT,29,25,0.21,23569.5744735586,23569.4856216675,-0.000266292514425004
17,11,0.6,left,\RIGHT,29,26,0.225,23569.6694838523,23569.5756878103,-0.000247541895078029
17,11,0.6,left,\RIGHT,29,27,0.24,23569.764494146,23569.6757855515,-0.000195356227777665
17,11,0.6,left,\RIGHT,29,28,0.255,23569.8595044396,23569.7658559203,-0.00024331590248039
17,11,0.6,left,\RIGHT,29,29,0.27,23569.9545147333,23569.8659086848,-0.000240332850808045
17,11,0.6,left,\RIGHT,29,30,0.285,23570.049525027,23569.9559712053,-0.000251164176006569
17,11,0.6,left,\RIGHT,29,31,0.3,23570.1445353206,23570.0560272902,-0.000237012427533045
17,11,0.6,left,\RIGHT,29,32,0.315,23570.2395456143,23570.1460952442,-0.000245730760070728
17,11,0.6,left,\RIGHT,29,33,0.33,23570.334555908,23570.2461308029,-0.000257538671576185
17,11,0.6,left,\RIGHT,29,34,0.345,23570.4295662016,23570.3361806454,-0.000263842150161508
17,11,0.6,left,\RIGHT,29,35,0.36,23570.5245764953,23570.4362811033,-0.000192639516171766
17,11,0.6,left,\RIGHT,29,36,0.375,23570.6195867889,23570.5363477532,0.00975296522301505
17,11,0.6,left,\RIGHT,29,37,0.39,23570.7145970826,23570.6264326111,-0.000228826793318149
17,11,0.6,left,\RIGHT,29,38,0.405,23570.8096073763,23570.716469172,-0.000277123835985549
17,11,0.6,left,\RIGHT,29,39,0.42,23570.9046176699,23570.8165297848,-0.000232484580919845
17,11,0.6,left,\RIGHT,29,40,0.435,23570.9996279636,23570.9065880793,-0.000255390164966229
17,11,0.6,left,\RIGHT,29,41,0.45,23571.0946382573,23571.0066568422,-0.000224334457016084
17,11,0.6,left,\RIGHT,29,42,0.465,23571.1896485509,NaN,NaN
17,11,0.6,left,\RIGHT,29,43,0.48,23571.2846588446,NaN,NaN
17,11,0.6,left,\RIGHT,29,44,0.495,23571.3796691382,NaN,NaN
17,11,0.6,left,\RIGHT,29,45,0.51,23571.4746794319,NaN,NaN
17,11,0.6,left,\RIGHT,29,46,0.525,23571.5696897256,NaN,NaN
17,11,0.6,left,\RIGHT,29,47,0.54,23571.6647000192,NaN,NaN
17,11,0.6,left,\RIGHT,29,48,0.555,23571.7597103129,NaN,NaN
17,11,0.6,left,\RIGHT,29,49,0.57,23571.8547206066,NaN,NaN
17,11,0.6,left,\RIGHT,29,50,0.585,23571.9497309002,NaN,NaN
17,11,0.6,left,\RIGHT,29,51,0.6,23572.0447411939,NaN,NaN
17,11,0.6,left,\RIGHT,29,52,0.6,23572.1397514875,NaN,NaN
17,11,0.6,left,\RIGHT,29,53,0.6,23572.2347617812,NaN,NaN
17,11,0.6,left,\RIGHT,29,54,0.6,23572.3297720749,NaN,NaN
17,11,0.6,left,\RIGHT,29,55,0.6,23572.4247823685,NaN,NaN
17,11,0.6,left,\RIGHT,29,56,0.6,23572.5197926622,NaN,NaN
17,11,0.6,left,\RIGHT,29,57,0.6,23572.6148029559,NaN,NaN
17,11,0.6,left,\RIGHT,29,58,0.6,23572.7098132495,NaN,NaN
17,11,0.6,left,\RIGHT,29,59,0.6,23572.8048235432,NaN,NaN
17,11,0.6,left,\RIGHT,29,60,0.6,23572.8998338369,NaN,NaN
17,11,0.6,left,\RIGHT,29,61,0.6,23572.9948441305,NaN,NaN
17,11,0.6,left,\RIGHT,29,62,0.6,23573.0898544242,NaN,NaN
17,11,0.6,left,\RIGHT,29,63,0.6,23573.1848647178,NaN,NaN
17,11,0.6,left,\RIGHT,29,64,0.6,23573.2798750115,NaN,NaN
17,11,0.6,left,\RIGHT,29,65,0.6,23573.3748853052,NaN,NaN
17,11,0.6,left,\RIGHT,29,66,0.6,23573.4698955988,NaN,NaN
17,11,0.6,left,\RIGHT,29,67,0.6,23573.5649058925,NaN,NaN
17,11,0.6,left,\RIGHT,29,68,0.6,23573.6599161862,NaN,NaN
17,11,0.6,left,\RIGHT,29,69,0.6,23573.7549264798,NaN,NaN
17,11,0.6,left,\RIGHT,29,70,0.6,23573.8499367735,NaN,NaN
17,11,0.6,left,\RIGHT,29,71,0.6,23573.9449470671,NaN,NaN
17,11,0.6,left,\RIGHT,29,72,0.6,23574.0399573608,NaN,NaN
17,11,0.6,left,\RIGHT,29,73,0.6,23574.1349676545,NaN,NaN
17,11,0.6,left,\RIGHT,29,74,0.6,23574.2299779481,NaN,NaN
17,11,0.6,left,\RIGHT,29,75,0.6,23574.3249882418,NaN,NaN
17,11,0.6,left,\RIGHT,29,76,0.6,23574.4199985355,NaN,NaN
17,11,0.6,left,\RIGHT,29,77,0.6,23574.5150088291,NaN,NaN
17,11,0.6,left,\RIGHT,29,78,0.6,23574.6100191228,NaN,NaN
17,11,0.6,left,\RIGHT,29,79,0.6,23574.7050294165,NaN,NaN
17,11,0.6,left,\RIGHT,29,80,0.6,23574.8000397101,NaN,NaN
17,11,0.6,left,\RIGHT,29,81,0.6,23574.8950500038,NaN,NaN
17,11,0.6,left,\RIGHT,29,82,0.6,23574.9900602974,NaN,NaN
17,11,0.6,left,\RIGHT,29,83,0.6,23575.0850705911,NaN,NaN
17,11,0.6,left,\RIGHT,29,84,0.6,23575.1800808848,NaN,NaN
17,11,0.6,left,\RIGHT,29,85,0.6,23575.2750911784,NaN,NaN
17,11,0.6,left,\RIGHT,29,86,0.6,23575.3701014721,NaN,NaN
17,11,0.6,left,\RIGHT,29,87,0.6,23575.4651117658,NaN,NaN
17,11,0.6,left,\RIGHT,29,88,0.6,23575.5601220594,NaN,NaN
17,11,0.6,left,\RIGHT,29,89,0.6,23575.6551323531,NaN,NaN
17,11,0.6,left,\RIGHT,29,90,0.6,23575.7501426467,NaN,NaN
17,11,0.6,left,\RIGHT,29,91,0.6,23575.8451529404,NaN,NaN
17,11,0.6,left,\RIGHT,29,92,0.6,23575.9401632341,NaN,NaN
17,11,0.6,left,\RIGHT,29,93,0.6,23576.0351735277,NaN,NaN
17,11,0.6,left,\RIGHT,29,94,0.6,23576.1301838214,NaN,NaN
17,11,0.6,left,\RIGHT,29,95,0.6,23576.2251941151,NaN,NaN
17,11,0.6,left,\RIGHT,29,96,0.6,23576.3202044087,NaN,NaN
17,11,0.6,left,\RIGHT,29,97,0.6,23576.4152147024,NaN,NaN
17,11,0.6,left,\RIGHT,29,98,0.6,23576.5102249961,NaN,NaN
17,11,0.6,left,\RIGHT,29,99,0.6,23576.6052352897,NaN,NaN
17,11,0.6,left,\RIGHT,29,100,0.6,23576.7002455834,NaN,NaN
17,11,0.6,left,\RIGHT,29,101,0.6,23576.795255877,NaN,NaN
17,11,0.6,left,\RIGHT,29,102,0.6,23576.8902661707,NaN,NaN
17,11,0.6,left,\RIGHT,29,103,0.6,23576.9852764644,NaN,NaN
17,11,0.6,left,\RIGHT,29,104,0.6,23577.080286758,NaN,NaN
17,11,0.6,left,\RIGHT,29,105,0.6,23577.1752970517,NaN,NaN
17,11,0.6,left,\RIGHT,29,106,0.6,23577.2703073454,NaN,NaN
17,11,0.6,left,\RIGHT,29,107,0.6,23577.365317639,NaN,NaN
17,11,0.6,left,\RIGHT,29,108,0.6,23577.4603279327,NaN,NaN
17,11,0.6,left,\RIGHT,29,109,0.6,23577.5553382263,NaN,NaN
17,11,0.6,left,\RIGHT,29,110,0.6,23577.65034852,NaN,NaN
17,11,0.6,left,\RIGHT,29,111,0.6,23577.7453588137,NaN,NaN
17,11,0.6,left,\RIGHT,29,112,0.6,23577.8403691073,NaN,NaN
17,11,0.6,left,\RIGHT,29,113,0.6,23577.935379401,NaN,NaN
17,11,0.6,left,\RIGHT,29,114,0.6,23578.0303896947,NaN,NaN
17,11,0.6,left,\RIGHT,29,115,0.6,23578.1253999883,NaN,NaN
17,11,0.6,left,\RIGHT,29,116,0.6,23578.220410282,NaN,NaN
17,11,0.6,left,\RIGHT,29,117,0.6,23578.3154205756,NaN,NaN
17,11,0.6,left,\RIGHT,29,118,0.6,23578.4104308693,NaN,NaN
17,11,0.6,left,\RIGHT,29,119,0.6,23578.505441163,NaN,NaN
17,11,0.6,left,\RIGHT,29,120,0.6,23578.6004514566,NaN,NaN
17,11,0.6,left,\RIGHT,29,121,0.6,23578.6954617503,NaN,NaN
17,11,0.6,left,\RIGHT,29,122,0.6,23578.790472044,NaN,NaN
17,11,0.6,left,\RIGHT,29,123,0.6,23578.8854823376,NaN,NaN
17,11,0.6,left,\RIGHT,29,124,0.6,23578.9804926313,NaN,NaN
17,11,0.6,left,\RIGHT,29,125,0.6,23579.075502925,NaN,NaN
17,11,0.6,left,\RIGHT,29,126,0.6,23579.1705132186,NaN,NaN
17,11,0.6,left,\RIGHT,29,127,0.6,23579.2655235123,NaN,NaN
17,11,0.6,left,\RIGHT,29,128,0.6,23579.3605338059,NaN,NaN
17,11,0.6,left,\RIGHT,29,129,0.6,23579.4555440996,NaN,NaN
17,11,0.6,left,\RIGHT,29,130,0.6,23579.5505543933,NaN,NaN
17,11,0.6,left,\RIGHT,29,131,0.6,23579.6455646869,NaN,NaN
17,11,0.6,left,\RIGHT,29,132,0.6,23579.7405749806,NaN,NaN
17,11,0.6,left,\RIGHT,29,133,0.6,23579.8355852743,NaN,NaN
17,11,0.6,left,\RIGHT,29,134,0.6,23579.9305955679,NaN,NaN
17,11,0.6,left,\RIGHT,29,135,0.6,23580.0256058616,NaN,NaN
17,11,0.6,left,\RIGHT,29,136,0.6,23580.1206161552,NaN,NaN
17,11,0.6,left,\RIGHT,29,137,0.6,23580.2156264489,NaN,NaN
17,11,0.6,left,\RIGHT,29,138,0.6,23580.3106367426,NaN,NaN
17,11,0.6,left,\RIGHT,29,139,0.6,23580.4056470362,NaN,NaN
17,11,0.6,left,\RIGHT,29,140,0.6,23580.5006573299,NaN,NaN
17,11,0.6,left,\RIGHT,29,141,0.6,23580.5956676236,NaN,NaN
17,11,0.6,left,\RIGHT,29,142,0.6,23580.6906779172,NaN,NaN
17,11,0.6,left,\RIGHT,29,143,0.6,23580.7856882109,NaN,NaN
17,11,0.6,left,\RIGHT,29,144,0.6,23580.8806985046,NaN,NaN
17,11,0.6,left,\RIGHT,29,145,0.6,23580.9757087982,NaN,NaN
17,11,0.6,left,\RIGHT,29,146,0.6,23581.0707190919,NaN,NaN
17,11,0.6,left,\RIGHT,29,147,0.6,23581.1657293855,NaN,NaN
17,11,0.6,left,\RIGHT,29,148,0.6,23581.2607396792,NaN,NaN
17,11,0.6,left,\RIGHT,29,149,0.6,23581.3557499729,NaN,NaN
17,11,0.6,left,\RIGHT,29,150,0.6,23581.4507602665,NaN,NaN
17,11,0.6,left,\RIGHT,29,151,0.6,23581.5457705602,NaN,NaN
17,11,0.6,left,\RIGHT,29,152,0.6,23581.6407808539,NaN,NaN
17,11,0.6,left,\RIGHT,29,153,0.6,23581.7357911475,NaN,NaN
17,11,0.6,left,\RIGHT,29,154,0.6,23581.8308014412,NaN,NaN
17,11,0.6,left,\RIGHT,29,155,0.6,23581.9258117348,NaN,NaN
17,11,0.6,left,\RIGHT,29,156,0.6,23582.0208220285,NaN,NaN
17,11,0.6,left,\RIGHT,29,157,0.6,23582.1158323222,NaN,NaN
17,11,0.6,left,\RIGHT,29,158,0.6,23582.2108426158,NaN,NaN
17,11,0.6,left,\RIGHT,29,159,0.6,23582.3058529095,NaN,NaN
17,11,0.6,left,\RIGHT,29,160,0.6,23582.4008632032,NaN,NaN
17,11,0.6,left,\RIGHT,29,161,0.6,23582.4958734968,NaN,NaN
17,11,0.6,left,\RIGHT,29,162,0.6,23582.5908837905,NaN,NaN
17,11,0.6,left,\RIGHT,29,163,0.6,23582.6858940841,NaN,NaN
17,11,0.6,left,\RIGHT,29,164,0.6,23582.7809043778,NaN,NaN
17,11,0.6,left,\RIGHT,29,165,0.6,23582.8759146715,NaN,NaN
17,11,0.6,left,\RIGHT,29,166,0.6,23582.9709249651,NaN,NaN
17,11,0.6,left,\RIGHT,29,167,0.6,23583.0659352588,NaN,NaN
17,11,0.6,left,\RIGHT,29,168,0.6,23583.1609455525,NaN,NaN
17,11,0.6,left,\RIGHT,29,169,0.6,23583.2559558461,NaN,NaN
17,11,0.6,left,\RIGHT,29,170,0.6,23583.3509661398,NaN,NaN
17,11,0.6,left,\RIGHT,29,171,0.6,23583.4459764335,NaN,NaN
17,11,0.6,left,\RIGHT,29,172,0.6,23583.5409867271,NaN,NaN
17,11,0.6,left,\RIGHT,29,173,0.6,23583.6359970208,NaN,NaN
17,11,0.6,left,\RIGHT,29,174,0.6,23583.7310073144,NaN,NaN
17,11,0.6,left,\RIGHT,29,175,0.6,23583.8260176081,NaN,NaN
17,11,0.6,left,\RIGHT,29,176,0.6,23583.9210279018,NaN,NaN
17,11,0.6,left,\RIGHT,29,177,0.6,23584.0160381954,NaN,NaN
17,11,0.6,left,\RIGHT,29,178,0.6,23584.1110484891,NaN,NaN
17,11,0.6,left,\RIGHT,29,179,0.6,23584.2060587828,NaN,NaN
17,11,0.6,left,\RIGHT,29,180,0.6,23584.3010690764,NaN,NaN
17,11,0.6,left,\RIGHT,29,181,0.6,23584.3960793701,NaN,NaN
17,11,0.6,left,\RIGHT,29,182,0.6,23584.4910896637,NaN,NaN
17,11,0.6,left,\RIGHT,29,183,0.6,23584.5860999574,NaN,NaN
17,11,0.6,left,\RIGHT,29,184,0.6,23584.6811102511,NaN,NaN
17,11,0.6,left,\RIGHT,29,185,0.6,23584.7761205447,NaN,NaN
17,11,0.6,left,\RIGHT,29,186,0.6,23584.8711308384,NaN,NaN
17,11,0.6,left,\RIGHT,29,187,0.6,23584.9661411321,NaN,NaN
17,11,0.6,left,\RIGHT,29,188,0.6,23585.0611514257,NaN,NaN
17,11,0.6,left,\RIGHT,29,189,0.6,23585.1561617194,NaN,NaN
17,11,0.6,left,\RIGHT,29,190,0.6,23585.2511720131,NaN,NaN
17,11,0.6,left,\RIGHT,29,191,0.6,23585.3461823067,NaN,NaN
17,11,0.6,left,\RIGHT,29,192,0.6,23585.4411926004,NaN,NaN
17,11,0.6,left,\RIGHT,29,193,0.6,23585.536202894,NaN,NaN
17,11,0.6,left,\RIGHT,29,194,0.6,23585.6312131877,NaN,NaN
17,11,0.6,left,\RIGHT,29,195,0.6,23585.7262234814,NaN,NaN
17,11,0.6,left,\RIGHT,29,196,0.6,23585.821233775,NaN,NaN
17,11,0.6,left,\RIGHT,29,197,0.6,23585.9162440687,NaN,NaN
17,11,0.6,left,\RIGHT,29,198,0.6,23586.0112543624,NaN,NaN
17,11,0.6,left,\RIGHT,29,199,0.6,23586.106264656,NaN,NaN
17,11,0.6,left,\RIGHT,29,200,0.6,23586.2012749497,NaN,NaN
17,11,0.6,left,\RIGHT,29,201,0.6,23586.2962852433,NaN,NaN
17,11,0.6,left,\RIGHT,29,202,0.6,23586.391295537,NaN,NaN
17,1,0.6,left,\LEFT,30,1,0,23572.2974781094,23572.2974781094,-0.000483309606352123
17,1,0.6,left,\LEFT,30,2,0.015,23572.392488403,23572.3275143442,0.0195578515485977
17,1,0.6,left,\LEFT,30,3,0.03,23572.4874986967,23572.3975480797,-0.000321123865433037
17,1,0.6,left,\LEFT,30,4,0.045,23572.5825089904,23572.497624389,-0.000216788041143445
17,1,0.6,left,\LEFT,30,5,0.06,23572.677519284,23572.5877032098,-0.00023486392092309
17,1,0.6,left,\LEFT,30,6,0.075,23572.7725295777,23572.6877641245,-0.000232182723266305
17,1,0.6,left,\LEFT,30,7,0.09,23572.8675398713,23572.777759331,-0.000318478181725368
17,1,0.6,left,\LEFT,30,8,0.105,23572.962550165,23572.8778751835,0.00980216783500509
17,1,0.6,left,\LEFT,30,9,0.12,23573.0575604587,23572.9679377041,-0.00025116417236859
17,1,0.6,left,\LEFT,30,10,0.135,23573.1525707523,23573.0680297099,0.00977832117132493
17,1,0.6,left,\LEFT,30,11,0.15,23573.247581046,23573.1580707986,-0.000272595989372348
17,1,0.6,left,\LEFT,30,12,0.165,23573.3425913397,23573.2580985091,0.00971402573122759
17,1,0.6,left,\LEFT,30,13,0.18,23573.4376016333,23573.3481990635,-0.000213130253541749
17,1,0.6,left,\LEFT,30,14,0.195,23573.532611927,23573.4482823156,0.00976956733211409
17,1,0.6,left,\LEFT,30,15,0.21,23573.6276222206,23573.5382859741,-0.000310026196530089
17,1,0.6,left,\LEFT,30,16,0.225,23573.7226325143,23573.6383831115,0.00978345272960723
17,1,0.6,left,\LEFT,30,17,0.24,23573.817642808,23573.7284305392,-0.000266257000475889
17,1,0.6,left,\LEFT,30,18,0.255,23573.9126531016,23573.8285131875,0.00976896362044499
17,1,0.6,left,\LEFT,30,19,0.27,23574.0076633953,23573.9185428057,-0.000284066536551109
17,1,0.6,left,\LEFT,30,20,0.285,23574.102673689,23574.0186058333,0.00974934294208651
17,1,0.6,left,\LEFT,30,21,0.3,23574.1976839826,23574.1086789188,-0.00024059919451247
17,1,0.6,left,\LEFT,30,22,0.315,23574.2926942763,23574.1987704176,-0.00022218594676815
17,1,0.6,left,\LEFT,30,23,0.33,23574.38770457,23574.2987936002,-0.000269914791715564
17,1,0.6,left,\LEFT,30,24,0.345,23574.4827148636,23574.3888440464,-0.000263238438492408
17,1,0.6,left,\LEFT,30,25,0.36,23574.5777251573,23574.4889508433,-0.000186300527275307
17,1,0.6,left,\LEFT,30,26,0.375,23574.6727354509,23574.5790227213,-0.000241806625126628
17,1,0.6,left,\LEFT,30,27,0.39,23574.7677457446,NaN,NaN
17,1,0.6,left,\LEFT,30,28,0.405,23574.8627560383,NaN,NaN
17,1,0.6,left,\LEFT,30,29,0.42,23574.9577663319,NaN,NaN
17,1,0.6,left,\LEFT,30,30,0.435,23575.0527766256,NaN,NaN
17,1,0.6,left,\LEFT,30,31,0.45,23575.1477869193,NaN,NaN
17,1,0.6,left,\LEFT,30,32,0.465,23575.2427972129,NaN,NaN
17,1,0.6,left,\LEFT,30,33,0.48,23575.3378075066,NaN,NaN
17,1,0.6,left,\LEFT,30,34,0.495,23575.4328178002,NaN,NaN
17,1,0.6,left,\LEFT,30,35,0.51,23575.5278280939,NaN,NaN
17,1,0.6,left,\LEFT,30,36,0.525,23575.6228383876,NaN,NaN
17,1,0.6,left,\LEFT,30,37,0.54,23575.7178486812,NaN,NaN
17,1,0.6,left,\LEFT,30,38,0.555,23575.8128589749,NaN,NaN
17,1,0.6,left,\LEFT,30,39,0.57,23575.9078692686,NaN,NaN
17,1,0.6,left,\LEFT,30,40,0.585,23576.0028795622,NaN,NaN
17,1,0.6,left,\LEFT,30,41,0.6,23576.0978898559,NaN,NaN
17,1,0.6,left,\LEFT,30,42,0.6,23576.1929001496,NaN,NaN
17,1,0.6,left,\LEFT,30,43,0.6,23576.2879104432,NaN,NaN
17,1,0.6,left,\LEFT,30,44,0.6,23576.3829207369,NaN,NaN
17,1,0.6,left,\LEFT,30,45,0.6,23576.4779310305,NaN,NaN
17,1,0.6,left,\LEFT,30,46,0.6,23576.5729413242,NaN,NaN
17,1,0.6,left,\LEFT,30,47,0.6,23576.6679516179,NaN,NaN
17,1,0.6,left,\LEFT,30,48,0.6,23576.7629619115,NaN,NaN
17,1,0.6,left,\LEFT,30,49,0.6,23576.8579722052,NaN,NaN
17,1,0.6,left,\LEFT,30,50,0.6,23576.9529824989,NaN,NaN
17,1,0.6,left,\LEFT,30,51,0.6,23577.0479927925,NaN,NaN
17,1,0.6,left,\LEFT,30,52,0.6,23577.1430030862,NaN,NaN
17,1,0.6,left,\LEFT,30,53,0.6,23577.2380133798,NaN,NaN
17,1,0.6,left,\LEFT,30,54,0.6,23577.3330236735,NaN,NaN
17,1,0.6,left,\LEFT,30,55,0.6,23577.4280339672,NaN,NaN
17,1,0.6,left,\LEFT,30,56,0.6,23577.5230442608,NaN,NaN
17,1,0.6,left,\LEFT,30,57,0.6,23577.6180545545,NaN,NaN
17,1,0.6,left,\LEFT,30,58,0.6,23577.7130648482,NaN,NaN
17,1,0.6,left,\LEFT,30,59,0.6,23577.8080751418,NaN,NaN
17,1,0.6,left,\LEFT,30,60,0.6,23577.9030854355,NaN,NaN
17,1,0.6,left,\LEFT,30,61,0.6,23577.9980957292,NaN,NaN
17,1,0.6,left,\LEFT,30,62,0.6,23578.0931060228,NaN,NaN
17,1,0.6,left,\LEFT,30,63,0.6,23578.1881163165,NaN,NaN
17,1,0.6,left,\LEFT,30,64,0.6,23578.2831266101,NaN,NaN
17,1,0.6,left,\LEFT,30,65,0.6,23578.3781369038,NaN,NaN
17,1,0.6,left,\LEFT,30,66,0.6,23578.4731471975,NaN,NaN
17,1,0.6,left,\LEFT,30,67,0.6,23578.5681574911,NaN,NaN
17,1,0.6,left,\LEFT,30,68,0.6,23578.6631677848,NaN,NaN
17,1,0.6,left,\LEFT,30,69,0.6,23578.7581780785,NaN,NaN
17,1,0.6,left,\LEFT,30,70,0.6,23578.8531883721,NaN,NaN
17,1,0.6,left,\LEFT,30,71,0.6,23578.9481986658,NaN,NaN
17,1,0.6,left,\LEFT,30,72,0.6,23579.0432089594,NaN,NaN
17,1,0.6,left,\LEFT,30,73,0.6,23579.1382192531,NaN,NaN
17,1,0.6,left,\LEFT,30,74,0.6,23579.2332295468,NaN,NaN
17,1,0.6,left,\LEFT,30,75,0.6,23579.3282398404,NaN,NaN
17,1,0.6,left,\LEFT,30,76,0.6,23579.4232501341,NaN,NaN
17,1,0.6,left,\LEFT,30,77,0.6,23579.5182604278,NaN,NaN
17,1,0.6,left,\LEFT,30,78,0.6,23579.6132707214,NaN,NaN
17,1,0.6,left,\LEFT,30,79,0.6,23579.7082810151,NaN,NaN
17,1,0.6,left,\LEFT,30,80,0.6,23579.8032913087,NaN,NaN
17,1,0.6,left,\LEFT,30,81,0.6,23579.8983016024,NaN,NaN
17,1,0.6,left,\LEFT,30,82,0.6,23579.9933118961,NaN,NaN
17,1,0.6,left,\LEFT,30,83,0.6,23580.0883221897,NaN,NaN
17,1,0.6,left,\LEFT,30,84,0.6,23580.1833324834,NaN,NaN
17,1,0.6,left,\LEFT,30,85,0.6,23580.2783427771,NaN,NaN
17,1,0.6,left,\LEFT,30,86,0.6,23580.3733530707,NaN,NaN
17,1,0.6,left,\LEFT,30,87,0.6,23580.4683633644,NaN,NaN
17,1,0.6,left,\LEFT,30,88,0.6,23580.5633736581,NaN,NaN
17,1,0.6,left,\LEFT,30,89,0.6,23580.6583839517,NaN,NaN
17,1,0.6,left,\LEFT,30,90,0.6,23580.7533942454,NaN,NaN
17,1,0.6,left,\LEFT,30,91,0.6,23580.848404539,NaN,NaN
17,1,0.6,left,\LEFT,30,92,0.6,23580.9434148327,NaN,NaN
17,1,0.6,left,\LEFT,30,93,0.6,23581.0384251264,NaN,NaN
17,1,0.6,left,\LEFT,30,94,0.6,23581.13343542,NaN,NaN
17,1,0.6,left,\LEFT,30,95,0.6,23581.2284457137,NaN,NaN
17,1,0.6,left,\LEFT,30,96,0.6,23581.3234560074,NaN,NaN
17,1,0.6,left,\LEFT,30,97,0.6,23581.418466301,NaN,NaN
17,1,0.6,left,\LEFT,30,98,0.6,23581.5134765947,NaN,NaN
17,1,0.6,left,\LEFT,30,99,0.6,23581.6084868883,NaN,NaN
17,1,0.6,left,\LEFT,30,100,0.6,23581.703497182,NaN,NaN
17,1,0.6,left,\LEFT,30,101,0.6,23581.7985074757,NaN,NaN
17,1,0.6,left,\LEFT,30,102,0.6,23581.8935177693,NaN,NaN
17,1,0.6,left,\LEFT,30,103,0.6,23581.988528063,NaN,NaN
17,1,0.6,left,\LEFT,30,104,0.6,23582.0835383567,NaN,NaN
17,1,0.6,left,\LEFT,30,105,0.6,23582.1785486503,NaN,NaN
17,1,0.6,left,\LEFT,30,106,0.6,23582.273558944,NaN,NaN
17,1,0.6,left,\LEFT,30,107,0.6,23582.3685692377,NaN,NaN
17,1,0.6,left,\LEFT,30,108,0.6,23582.4635795313,NaN,NaN
17,1,0.6,left,\LEFT,30,109,0.6,23582.558589825,NaN,NaN
17,1,0.6,left,\LEFT,30,110,0.6,23582.6536001186,NaN,NaN
17,1,0.6,left,\LEFT,30,111,0.6,23582.7486104123,NaN,NaN
17,1,0.6,left,\LEFT,30,112,0.6,23582.843620706,NaN,NaN
17,1,0.6,left,\LEFT,30,113,0.6,23582.9386309996,NaN,NaN
17,1,0.6,left,\LEFT,30,114,0.6,23583.0336412933,NaN,NaN
17,1,0.6,left,\LEFT,30,115,0.6,23583.128651587,NaN,NaN
17,1,0.6,left,\LEFT,30,116,0.6,23583.2236618806,NaN,NaN
17,1,0.6,left,\LEFT,30,117,0.6,23583.3186721743,NaN,NaN
17,1,0.6,left,\LEFT,30,118,0.6,23583.4136824679,NaN,NaN
17,1,0.6,left,\LEFT,30,119,0.6,23583.5086927616,NaN,NaN
17,1,0.6,left,\LEFT,30,120,0.6,23583.6037030553,NaN,NaN
17,1,0.6,left,\LEFT,30,121,0.6,23583.6987133489,NaN,NaN
17,1,0.6,left,\LEFT,30,122,0.6,23583.7937236426,NaN,NaN
17,1,0.6,left,\LEFT,30,123,0.6,23583.8887339363,NaN,NaN
17,1,0.6,left,\LEFT,30,124,0.6,23583.9837442299,NaN,NaN
17,1,0.6,left,\LEFT,30,125,0.6,23584.0787545236,NaN,NaN
17,1,0.6,left,\LEFT,30,126,0.6,23584.1737648172,NaN,NaN
17,1,0.6,left,\LEFT,30,127,0.6,23584.2687751109,NaN,NaN
17,1,0.6,left,\LEFT,30,128,0.6,23584.3637854046,NaN,NaN
17,1,0.6,left,\LEFT,30,129,0.6,23584.4587956982,NaN,NaN
17,1,0.6,left,\LEFT,30,130,0.6,23584.5538059919,NaN,NaN
17,1,0.6,left,\LEFT,30,131,0.6,23584.6488162856,NaN,NaN
17,1,0.6,left,\LEFT,30,132,0.6,23584.7438265792,NaN,NaN
17,1,0.6,left,\LEFT,30,133,0.6,23584.8388368729,NaN,NaN
17,1,0.6,left,\LEFT,30,134,0.6,23584.9338471666,NaN,NaN
17,1,0.6,left,\LEFT,30,135,0.6,23585.0288574602,NaN,NaN
17,1,0.6,left,\LEFT,30,136,0.6,23585.1238677539,NaN,NaN
17,1,0.6,left,\LEFT,30,137,0.6,23585.2188780475,NaN,NaN
17,1,0.6,left,\LEFT,30,138,0.6,23585.3138883412,NaN,NaN
17,1,0.6,left,\LEFT,30,139,0.6,23585.4088986349,NaN,NaN
17,1,0.6,left,\LEFT,30,140,0.6,23585.5039089285,NaN,NaN
17,1,0.6,left,\LEFT,30,141,0.6,23585.5989192222,NaN,NaN
17,1,0.6,left,\LEFT,30,142,0.6,23585.6939295159,NaN,NaN
17,1,0.6,left,\LEFT,30,143,0.6,23585.7889398095,NaN,NaN
17,1,0.6,left,\LEFT,30,144,0.6,23585.8839501032,NaN,NaN
17,1,0.6,left,\LEFT,30,145,0.6,23585.9789603968,NaN,NaN
17,1,0.6,left,\LEFT,30,146,0.6,23586.0739706905,NaN,NaN
17,1,0.6,left,\LEFT,30,147,0.6,23586.1689809842,NaN,NaN
17,1,0.6,left,\LEFT,30,148,0.6,23586.2639912778,NaN,NaN
17,1,0.6,left,\LEFT,30,149,0.6,23586.3590015715,NaN,NaN
17,1,0.6,left,\LEFT,30,150,0.6,23586.4540118652,NaN,NaN
17,1,0.6,left,\LEFT,30,151,0.6,23586.5490221588,NaN,NaN
17,1,0.6,left,\LEFT,30,152,0.6,23586.6440324525,NaN,NaN
17,1,0.6,left,\LEFT,30,153,0.6,23586.7390427462,NaN,NaN
17,1,0.6,left,\LEFT,30,154,0.6,23586.8340530398,NaN,NaN
17,1,0.6,left,\LEFT,30,155,0.6,23586.9290633335,NaN,NaN
17,1,0.6,left,\LEFT,30,156,0.6,23587.0240736271,NaN,NaN
17,1,0.6,left,\LEFT,30,157,0.6,23587.1190839208,NaN,NaN
17,1,0.6,left,\LEFT,30,158,0.6,23587.2140942145,NaN,NaN
17,1,0.6,left,\LEFT,30,159,0.6,23587.3091045081,NaN,NaN
17,1,0.6,left,\LEFT,30,160,0.6,23587.4041148018,NaN,NaN
17,1,0.6,left,\LEFT,30,161,0.6,23587.4991250955,NaN,NaN
17,1,0.6,left,\LEFT,30,162,0.6,23587.5941353891,NaN,NaN
17,1,0.6,left,\LEFT,30,163,0.6,23587.6891456828,NaN,NaN
17,1,0.6,left,\LEFT,30,164,0.6,23587.7841559764,NaN,NaN
17,1,0.6,left,\LEFT,30,165,0.6,23587.8791662701,NaN,NaN
17,1,0.6,left,\LEFT,30,166,0.6,23587.9741765638,NaN,NaN
17,1,0.6,left,\LEFT,30,167,0.6,23588.0691868574,NaN,NaN
17,1,0.6,left,\LEFT,30,168,0.6,23588.1641971511,NaN,NaN
17,1,0.6,left,\LEFT,30,169,0.6,23588.2592074448,NaN,NaN
17,1,0.6,left,\LEFT,30,170,0.6,23588.3542177384,NaN,NaN
17,1,0.6,left,\LEFT,30,171,0.6,23588.4492280321,NaN,NaN
17,1,0.6,left,\LEFT,30,172,0.6,23588.5442383258,NaN,NaN
17,1,0.6,left,\LEFT,30,173,0.6,23588.6392486194,NaN,NaN
17,1,0.6,left,\LEFT,30,174,0.6,23588.7342589131,NaN,NaN
17,1,0.6,left,\LEFT,30,175,0.6,23588.8292692067,NaN,NaN
17,1,0.6,left,\LEFT,30,176,0.6,23588.9242795004,NaN,NaN
17,1,0.6,left,\LEFT,30,177,0.6,23589.0192897941,NaN,NaN
17,1,0.6,left,\LEFT,30,178,0.6,23589.1143000877,NaN,NaN
17,1,0.6,left,\LEFT,30,179,0.6,23589.2093103814,NaN,NaN
17,1,0.6,left,\LEFT,30,180,0.6,23589.3043206751,NaN,NaN
17,1,0.6,left,\LEFT,30,181,0.6,23589.3993309687,NaN,NaN
17,1,0.6,left,\LEFT,30,182,0.6,23589.4943412624,NaN,NaN
17,1,0.6,left,\LEFT,30,183,0.6,23589.589351556,NaN,NaN
17,1,0.6,left,\LEFT,30,184,0.6,23589.6843618497,NaN,NaN
17,1,0.6,left,\LEFT,30,185,0.6,23589.7793721434,NaN,NaN
17,1,0.6,left,\LEFT,30,186,0.6,23589.874382437,NaN,NaN
17,1,0.6,left,\LEFT,30,187,0.6,23589.9693927307,NaN,NaN
17,1,0.6,left,\LEFT,30,188,0.6,23590.0644030244,NaN,NaN
17,1,0.6,left,\LEFT,30,189,0.6,23590.159413318,NaN,NaN
17,1,0.6,left,\LEFT,30,190,0.6,23590.2544236117,NaN,NaN
17,1,0.6,left,\LEFT,30,191,0.6,23590.3494339054,NaN,NaN
17,1,0.6,left,\LEFT,30,192,0.6,23590.444444199,NaN,NaN
17,1,0.6,left,\LEFT,30,193,0.6,23590.5394544927,NaN,NaN
17,1,0.6,left,\LEFT,30,194,0.6,23590.6344647863,NaN,NaN
17,1,0.6,left,\LEFT,30,195,0.6,23590.72947508,NaN,NaN
17,1,0.6,left,\LEFT,30,196,0.6,23590.8244853737,NaN,NaN
17,1,0.6,left,\LEFT,30,197,0.6,23590.9194956673,NaN,NaN
17,1,0.6,left,\LEFT,30,198,0.6,23591.014505961,NaN,NaN
17,1,0.6,left,\LEFT,30,199,0.6,23591.1095162547,NaN,NaN
17,1,0.6,left,\LEFT,30,200,0.6,23591.2045265483,NaN,NaN
17,1,0.6,left,\LEFT,30,201,0.6,23591.299536842,NaN,NaN
17,1,0.6,left,\LEFT,30,202,0.6,23591.3945471356,NaN,NaN
17,9,0.6,right,\RIGHT,31,1,0,23577.7911170865,23577.7911170865,-0.000486026314320043
17,9,0.6,right,\RIGHT,31,2,0,23577.8861273802,23577.8211838089,0.0195883390588278
17,9,0.6,right,\RIGHT,31,3,0,23577.9811376739,23577.891186755,-0.000351913229678757
17,9,0.6,right,\RIGHT,31,4,0,23578.0761479675,23577.9912129562,-0.000266896226094104
17,9,0.6,right,\RIGHT,31,5,0,23578.1711582612,23578.0812757786,-0.000250862318353029
17,9,0.6,right,\RIGHT,31,6,0,23578.2661685548,23578.1813683881,-0.000200487789697945
17,9,0.6,right,\RIGHT,31,7,0,23578.3611788485,23578.2714212493,-0.000260823584540049
17,9,0.6,right,\RIGHT,31,8,0,23578.4561891422,23578.3714619395,0.00972700556303607
17,9,0.6,right,\RIGHT,31,9,0,23578.5511994358,23578.4615292897,-0.000246334471739829
17,9,0.6,right,\RIGHT,31,10,0.015,23578.6462097295,23578.5616255216,0.00978254716392257
17,9,0.6,right,\RIGHT,31,11,0.03,23578.7412200232,23578.651669327,-0.000269879281404428
17,9,0.6,right,\RIGHT,31,12,0.045,23578.8362303168,23578.7517145451,0.00973153340964927
17,9,0.6,right,\RIGHT,31,13,0.06,23578.9312406105,23578.8417686137,-0.000259616157563869
17,9,0.6,right,\RIGHT,31,14,0.075,23579.0262509041,23578.9418572991,0.00977500074804993
17,9,0.6,right,\RIGHT,31,15,0.09,23579.1212611978,23579.0319261586,-0.000244825187110109
17,9,0.6,right,\RIGHT,31,16,0.105,23579.2162714915,23579.1319191556,0.00967931222839979
17,9,0.6,right,\RIGHT,31,17,0.12,23579.3112817851,23579.2220221249,-0.00021071539958939
17,9,0.6,right,\RIGHT,31,18,0.135,23579.4062920788,23579.3221056788,0.00976986918976763
17,9,0.6,right,\RIGHT,31,19,0.15,23579.5013023725,23579.4121609547,-0.000258408730587689
17,9,0.6,right,\RIGHT,31,20,0.165,23579.5963126661,23579.5122191527,0.00974451323781977
17,9,0.6,right,\RIGHT,31,21,0.18,23579.6913229598,23579.6023085384,-0.00022429894306697
17,9,0.6,right,\RIGHT,31,22,0.195,23579.7863332535,23579.7023238727,0.00970164961108821
17,9,0.6,right,\RIGHT,31,23,0.21,23579.8813435471,23579.7923534909,-0.000284066536551109
17,9,0.6,right,\RIGHT,31,24,0.225,23579.9763538408,23579.88249057,-0.000176605608430691
17,9,0.6,right,\RIGHT,31,25,0.24,23580.0713641344,23579.9825288454,-0.000254821963608265
17,9,0.6,right,\RIGHT,31,26,0.255,23580.1663744281,23580.0726067606,-0.000235769493883708
17,9,0.6,right,\RIGHT,31,27,0.27,23580.2613847218,23580.172672505,-0.000227353018999565
17,9,0.6,right,\RIGHT,31,28,0.285,23580.3563950154,23580.2627320069,-0.00025418273799005
17,9,0.6,right,\RIGHT,31,29,0.3,23580.4514053091,23580.3627826585,-0.000242445847106865
17,9,0.6,right,\RIGHT,31,30,0.315,23580.5464156028,23580.4528635922,-0.000232750928262249
17,9,0.6,right,\RIGHT,31,31,0.33,23580.6414258964,23580.5529223939,-0.000234295719565125
17,9,0.6,right,\RIGHT,31,32,0.345,23580.7364361901,23580.642996385,-0.00023969362518983
17,9,0.6,right,\RIGHT,31,33,0.36,23580.8314464837,23580.7430533755,-0.000236106858210405
17,9,0.6,right,\RIGHT,31,34,0.375,23580.9264567774,23580.8431106679,0.00974360766849713
17,9,0.6,right,\RIGHT,31,35,0.39,23581.0214670711,23580.933165642,-0.000258710588241229
17,9,0.6,right,\RIGHT,31,36,0.405,23581.1164773647,23581.0232215216,-0.000257805018918589
17,9,0.6,right,\RIGHT,31,37,0.42,23581.2114876584,23581.1233204702,-0.000194148800801486
17,9,0.6,right,\RIGHT,31,38,0.435,23581.3064979521,23581.2133561255,-0.000278029405308189
17,9,0.6,right,\RIGHT,31,39,0.45,23581.4015082457,23581.3133636116,-0.000285611331491964
17,9,0.6,right,\RIGHT,31,40,0.465,23581.4965185394,23581.4034828811,-0.000194415144505911
17,9,0.6,right,\RIGHT,31,41,0.48,23581.5915288331,23581.5035066674,-0.000269311080046464
17,9,0.6,right,\RIGHT,31,42,0.495,23581.6865391267,23581.5935746214,-0.000245730756432749
17,9,0.6,right,\RIGHT,31,43,0.51,23581.7815494204,23581.6936500251,-0.000217693610466085
17,9,0.6,right,\RIGHT,31,44,0.525,23581.876559714,23581.7836977547,-0.000265955146460328
17,9,0.6,right,\RIGHT,31,45,0.54,23581.9715700077,23581.8837897605,-0.000201091497729067
17,9,0.6,right,\RIGHT,31,46,0.555,23582.0665803014,23581.9738163601,-0.000287085105810547
17,9,0.6,right,\RIGHT,31,47,0.57,23582.161590595,23582.0739388535,-0.000170603987498907
17,9,0.6,right,\RIGHT,31,48,0.585,23582.2566008887,23582.1639914128,-0.000261125442193588
17,9,0.6,right,\RIGHT,31,49,0.6,23582.3516111824,23582.2640330086,-0.000251501540333265
17,9,0.6,right,\RIGHT,31,50,0.6,23582.446621476,23582.3541036793,-0.000243014048464829
17,9,0.6,right,\RIGHT,31,51,0.6,23582.5416317697,23582.4541422565,-0.000254520109592704
17,9,0.6,right,\RIGHT,31,52,0.6,23582.6366420633,23582.5441987399,-0.00025720130361151
17,9,0.6,right,\RIGHT,31,53,0.6,23582.731652357,23582.6442753511,-0.000216486187127884
17,9,0.6,right,\RIGHT,31,54,0.6,23582.8266626507,23582.7343478329,-0.00024120290618157
17,9,0.6,right,\RIGHT,31,55,0.6,23582.9216729443,23582.8344105587,-0.000230371588259004
17,9,0.6,right,\RIGHT,31,56,0.6,23583.016683238,23582.9344732845,0.00974904108807095
17,9,0.6,right,\RIGHT,31,57,0.6,23583.1116935317,23583.0245355032,-0.000251466030022129
17,9,0.6,right,\RIGHT,31,58,0.6,23583.2067038253,23583.1146046645,-0.00024452332945657
17,9,0.6,right,\RIGHT,31,59,0.6,23583.301714119,23583.2146655792,-0.000232182726904284
17,9,0.6,right,\RIGHT,31,60,0.6,23583.3967244127,23583.3046994233,-0.000279840543953469
17,9,0.6,right,\RIGHT,31,61,0.6,23583.4917347063,23583.4047983719,-0.000194148800801486
17,9,0.6,right,\RIGHT,31,62,0.6,23583.586745,23583.4948451959,-0.000266860715782968
17,9,0.6,right,\RIGHT,31,63,0.6,23583.6817552936,23583.5949106384,-0.000227654876653105
17,9,0.6,right,\RIGHT,31,64,0.6,23583.7767655873,23583.6849903647,-0.00023395835160045
17,9,0.6,right,\RIGHT,31,65,0.6,23583.871775881,23583.7850407144,-0.000242747701122426
17,9,0.6,right,\RIGHT,31,66,0.6,23583.9667861746,23583.8751098758,-0.000244523333094548
17,9,0.6,right,\RIGHT,31,67,0.6,23584.0617964683,23583.9751626403,-0.000240332850808045
17,9,0.6,right,\RIGHT,31,68,0.6,23584.156806762,23584.0652260664,-0.00025025860304595
17,9,0.6,right,\RIGHT,31,69,0.6,23584.2518170556,NaN,NaN
17,9,0.6,right,\RIGHT,31,70,0.6,23584.3468273493,NaN,NaN
17,9,0.6,right,\RIGHT,31,71,0.6,23584.4418376429,NaN,NaN
17,9,0.6,right,\RIGHT,31,72,0.6,23584.5368479366,NaN,NaN
17,9,0.6,right,\RIGHT,31,73,0.6,23584.6318582303,NaN,NaN
17,9,0.6,right,\RIGHT,31,74,0.6,23584.7268685239,NaN,NaN
17,9,0.6,right,\RIGHT,31,75,0.6,23584.8218788176,NaN,NaN
17,9,0.6,right,\RIGHT,31,76,0.6,23584.9168891113,NaN,NaN
17,9,0.6,right,\RIGHT,31,77,0.6,23585.0118994049,NaN,NaN
17,9,0.6,right,\RIGHT,31,78,0.6,23585.1069096986,NaN,NaN
17,9,0.6,right,\RIGHT,31,79,0.6,23585.2019199923,NaN,NaN
17,9,0.6,right,\RIGHT,31,80,0.6,23585.2969302859,NaN,NaN
17,9,0.6,right,\RIGHT,31,81,0.6,23585.3919405796,NaN,NaN
17,9,0.6,right,\RIGHT,31,82,0.6,23585.4869508732,NaN,NaN
17,9,0.6,right,\RIGHT,31,83,0.6,23585.5819611669,NaN,NaN
17,9,0.6,right,\RIGHT,31,84,0.6,23585.6769714606,NaN,NaN
17,9,0.6,right,\RIGHT,31,85,0.6,23585.7719817542,NaN,NaN
17,9,0.6,right,\RIGHT,31,86,0.6,23585.8669920479,NaN,NaN
17,9,0.6,right,\RIGHT,31,87,0.6,23585.9620023416,NaN,NaN
17,9,0.6,right,\RIGHT,31,88,0.6,23586.0570126352,NaN,NaN
17,9,0.6,right,\RIGHT,31,89,0.6,23586.1520229289,NaN,NaN
17,9,0.6,right,\RIGHT,31,90,0.6,23586.2470332225,NaN,NaN
17,9,0.6,right,\RIGHT,31,91,0.6,23586.3420435162,NaN,NaN
17,9,0.6,right,\RIGHT,31,92,0.6,23586.4370538099,NaN,NaN
17,9,0.6,right,\RIGHT,31,93,0.6,23586.5320641035,NaN,NaN
17,9,0.6,right,\RIGHT,31,94,0.6,23586.6270743972,NaN,NaN
17,9,0.6,right,\RIGHT,31,95,0.6,23586.7220846909,NaN,NaN
17,9,0.6,right,\RIGHT,31,96,0.6,23586.8170949845,NaN,NaN
17,9,0.6,right,\RIGHT,31,97,0.6,23586.9121052782,NaN,NaN
17,9,0.6,right,\RIGHT,31,98,0.6,23587.0071155719,NaN,NaN
17,9,0.6,right,\RIGHT,31,99,0.6,23587.1021258655,NaN,NaN
17,9,0.6,right,\RIGHT,31,100,0.6,23587.1971361592,NaN,NaN
17,9,0.6,right,\RIGHT,31,101,0.6,23587.2921464528,NaN,NaN
17,9,0.6,right,\RIGHT,31,102,0.6,23587.3871567465,NaN,NaN
17,9,0.6,right,\RIGHT,31,103,0.6,23587.4821670402,NaN,NaN
17,9,0.6,right,\RIGHT,31,104,0.6,23587.5771773338,NaN,NaN
17,9,0.6,right,\RIGHT,31,105,0.6,23587.6721876275,NaN,NaN
17,9,0.6,right,\RIGHT,31,106,0.6,23587.7671979212,NaN,NaN
17,9,0.6,right,\RIGHT,31,107,0.6,23587.8622082148,NaN,NaN
17,9,0.6,right,\RIGHT,31,108,0.6,23587.9572185085,NaN,NaN
17,9,0.6,right,\RIGHT,31,109,0.6,23588.0522288021,NaN,NaN
17,9,0.6,right,\RIGHT,31,110,0.6,23588.1472390958,NaN,NaN
17,9,0.6,right,\RIGHT,31,111,0.6,23588.2422493895,NaN,NaN
17,9,0.6,right,\RIGHT,31,112,0.6,23588.3372596831,NaN,NaN
17,9,0.6,right,\RIGHT,31,113,0.6,23588.4322699768,NaN,NaN
17,9,0.6,right,\RIGHT,31,114,0.6,23588.5272802705,NaN,NaN
17,9,0.6,right,\RIGHT,31,115,0.6,23588.6222905641,NaN,NaN
17,9,0.6,right,\RIGHT,31,116,0.6,23588.7173008578,NaN,NaN
17,9,0.6,right,\RIGHT,31,117,0.6,23588.8123111514,NaN,NaN
17,9,0.6,right,\RIGHT,31,118,0.6,23588.9073214451,NaN,NaN
17,9,0.6,right,\RIGHT,31,119,0.6,23589.0023317388,NaN,NaN
17,9,0.6,right,\RIGHT,31,120,0.6,23589.0973420324,NaN,NaN
17,9,0.6,right,\RIGHT,31,121,0.6,23589.1923523261,NaN,NaN
17,9,0.6,right,\RIGHT,31,122,0.6,23589.2873626198,NaN,NaN
17,9,0.6,right,\RIGHT,31,123,0.6,23589.3823729134,NaN,NaN
17,9,0.6,right,\RIGHT,31,124,0.6,23589.4773832071,NaN,NaN
17,9,0.6,right,\RIGHT,31,125,0.6,23589.5723935008,NaN,NaN
17,9,0.6,right,\RIGHT,31,126,0.6,23589.6674037944,NaN,NaN
17,9,0.6,right,\RIGHT,31,127,0.6,23589.7624140881,NaN,NaN
17,9,0.6,right,\RIGHT,31,128,0.6,23589.8574243817,NaN,NaN
17,9,0.6,right,\RIGHT,31,129,0.6,23589.9524346754,NaN,NaN
17,9,0.6,right,\RIGHT,31,130,0.6,23590.0474449691,NaN,NaN
17,9,0.6,right,\RIGHT,31,131,0.6,23590.1424552627,NaN,NaN
17,9,0.6,right,\RIGHT,31,132,0.6,23590.2374655564,NaN,NaN
17,9,0.6,right,\RIGHT,31,133,0.6,23590.3324758501,NaN,NaN
17,9,0.6,right,\RIGHT,31,134,0.6,23590.4274861437,NaN,NaN
17,9,0.6,right,\RIGHT,31,135,0.6,23590.5224964374,NaN,NaN
17,9,0.6,right,\RIGHT,31,136,0.6,23590.617506731,NaN,NaN
17,9,0.6,right,\RIGHT,31,137,0.6,23590.7125170247,NaN,NaN
17,9,0.6,right,\RIGHT,31,138,0.6,23590.8075273184,NaN,NaN
17,9,0.6,right,\RIGHT,31,139,0.6,23590.902537612,NaN,NaN
17,9,0.6,right,\RIGHT,31,140,0.6,23590.9975479057,NaN,NaN
17,9,0.6,right,\RIGHT,31,141,0.6,23591.0925581994,NaN,NaN
17,9,0.6,right,\RIGHT,31,142,0.6,23591.187568493,NaN,NaN
17,9,0.6,right,\RIGHT,31,143,0.6,23591.2825787867,NaN,NaN
17,9,0.6,right,\RIGHT,31,144,0.6,23591.3775890804,NaN,NaN
17,9,0.6,right,\RIGHT,31,145,0.6,23591.472599374,NaN,NaN
17,9,0.6,right,\RIGHT,31,146,0.6,23591.5676096677,NaN,NaN
17,9,0.6,right,\RIGHT,31,147,0.6,23591.6626199613,NaN,NaN
17,9,0.6,right,\RIGHT,31,148,0.6,23591.757630255,NaN,NaN
17,9,0.6,right,\RIGHT,31,149,0.6,23591.8526405487,NaN,NaN
17,9,0.6,right,\RIGHT,31,150,0.6,23591.9476508423,NaN,NaN
17,9,0.6,right,\RIGHT,31,151,0.6,23592.042661136,NaN,NaN
17,9,0.6,right,\RIGHT,31,152,0.6,23592.1376714297,NaN,NaN
17,9,0.6,right,\RIGHT,31,153,0.6,23592.2326817233,NaN,NaN
17,9,0.6,right,\RIGHT,31,154,0.6,23592.327692017,NaN,NaN
17,9,0.6,right,\RIGHT,31,155,0.6,23592.4227023106,NaN,NaN
17,9,0.6,right,\RIGHT,31,156,0.6,23592.5177126043,NaN,NaN
17,9,0.6,right,\RIGHT,31,157,0.6,23592.612722898,NaN,NaN
17,9,0.6,right,\RIGHT,31,158,0.6,23592.7077331916,NaN,NaN
17,9,0.6,right,\RIGHT,31,159,0.6,23592.8027434853,NaN,NaN
17,9,0.6,right,\RIGHT,31,160,0.6,23592.897753779,NaN,NaN
17,9,0.6,right,\RIGHT,31,161,0.6,23592.9927640726,NaN,NaN
17,9,0.6,right,\RIGHT,31,162,0.6,23593.0877743663,NaN,NaN
17,9,0.6,right,\RIGHT,31,163,0.6,23593.1827846599,NaN,NaN
17,9,0.6,right,\RIGHT,31,164,0.6,23593.2777949536,NaN,NaN
17,9,0.6,right,\RIGHT,31,165,0.6,23593.3728052473,NaN,NaN
17,9,0.6,right,\RIGHT,31,166,0.6,23593.4678155409,NaN,NaN
17,9,0.6,right,\RIGHT,31,167,0.6,23593.5628258346,NaN,NaN
17,9,0.6,right,\RIGHT,31,168,0.6,23593.6578361283,NaN,NaN
17,9,0.6,right,\RIGHT,31,169,0.6,23593.7528464219,NaN,NaN
17,9,0.6,right,\RIGHT,31,170,0.6,23593.8478567156,NaN,NaN
17,9,0.6,right,\RIGHT,31,171,0.6,23593.9428670093,NaN,NaN
17,9,0.6,right,\RIGHT,31,172,0.6,23594.0378773029,NaN,NaN
17,9,0.6,right,\RIGHT,31,173,0.6,23594.1328875966,NaN,NaN
17,9,0.6,right,\RIGHT,31,174,0.6,23594.2278978902,NaN,NaN
17,9,0.6,right,\RIGHT,31,175,0.6,23594.3229081839,NaN,NaN
17,9,0.6,right,\RIGHT,31,176,0.6,23594.4179184776,NaN,NaN
17,9,0.6,right,\RIGHT,31,177,0.6,23594.5129287712,NaN,NaN
17,9,0.6,right,\RIGHT,31,178,0.6,23594.6079390649,NaN,NaN
17,9,0.6,right,\RIGHT,31,179,0.6,23594.7029493586,NaN,NaN
17,9,0.6,right,\RIGHT,31,180,0.6,23594.7979596522,NaN,NaN
17,9,0.6,right,\RIGHT,31,181,0.6,23594.8929699459,NaN,NaN
17,9,0.6,right,\RIGHT,31,182,0.6,23594.9879802395,NaN,NaN
17,9,0.6,right,\RIGHT,31,183,0.6,23595.0829905332,NaN,NaN
17,9,0.6,right,\RIGHT,31,184,0.6,23595.1780008269,NaN,NaN
17,9,0.6,right,\RIGHT,31,185,0.6,23595.2730111205,NaN,NaN
17,9,0.6,right,\RIGHT,31,186,0.6,23595.3680214142,NaN,NaN
17,9,0.6,right,\RIGHT,31,187,0.6,23595.4630317079,NaN,NaN
17,9,0.6,right,\RIGHT,31,188,0.6,23595.5580420015,NaN,NaN
17,9,0.6,right,\RIGHT,31,189,0.6,23595.6530522952,NaN,NaN
17,9,0.6,right,\RIGHT,31,190,0.6,23595.7480625889,NaN,NaN
17,9,0.6,right,\RIGHT,31,191,0.6,23595.8430728825,NaN,NaN
17,9,0.6,right,\RIGHT,31,192,0.6,23595.9380831762,NaN,NaN
17,9,0.6,right,\RIGHT,31,193,0.6,23596.0330934698,NaN,NaN
17,9,0.6,right,\RIGHT,31,194,0.6,23596.1281037635,NaN,NaN
17,9,0.6,right,\RIGHT,31,195,0.6,23596.2231140572,NaN,NaN
17,9,0.6,right,\RIGHT,31,196,0.6,23596.3181243508,NaN,NaN
17,9,0.6,right,\RIGHT,31,197,0.6,23596.4131346445,NaN,NaN
17,9,0.6,right,\RIGHT,31,198,0.6,23596.5081449382,NaN,NaN
17,9,0.6,right,\RIGHT,31,199,0.6,23596.6031552318,NaN,NaN
17,9,0.6,right,\RIGHT,31,200,0.6,23596.6981655255,NaN,NaN
17,9,0.6,right,\RIGHT,31,201,0.6,23596.7931758191,NaN,NaN
17,9,0.6,right,\RIGHT,31,202,0.6,23596.8881861128,NaN,NaN
17,10,0.6,right,\RIGHT,32,1,0,23585.3160262881,23585.3160262881,-0.000470631632197183
17,10,0.6,right,\RIGHT,32,2,0,23585.4110365817,23585.3460564858,0.0195518144209927
17,10,0.6,right,\RIGHT,32,3,0,23585.5060468754,23585.4161152754,-0.000296069771138718
17,10,0.6,right,\RIGHT,32,4,0,23585.6010571691,23585.5161858495,-0.000222523314732825
17,10,0.6,right,\RIGHT,32,5,0,23585.6960674627,23585.6062390124,-0.000260521730524488
17,10,0.6,right,\RIGHT,32,6,0,23585.7910777564,23585.7063032475,-0.000228862299991306
17,10,0.6,right,\RIGHT,32,7,0,23585.8860880501,23585.7963485622,-0.000268369996774709
17,10,0.6,right,\RIGHT,32,8,0,23585.9810983437,23585.8964360402,0.00977379332107375
17,10,0.6,right,\RIGHT,32,9,0,23586.0761086374,23585.986512748,-0.000236976917221909
17,10,0.6,right,\RIGHT,32,10,0,23586.171118931,23586.0865824165,0.00975598378863651
17,10,0.6,right,\RIGHT,32,11,0.015,23586.2661292247,23586.1765887917,-0.000307309488562169
17,10,0.6,right,\RIGHT,32,12,0.03,23586.3611395184,23586.2766705345,0.00976805804748437
17,10,0.6,right,\RIGHT,32,13,0.045,23586.456149812,23586.3667369791,-0.000247240041062469
17,10,0.6,right,\RIGHT,32,14,0.06,23586.5511601057,23586.4668054402,0.00975477636529831
17,10,0.6,right,\RIGHT,32,15,0.075,23586.6461703994,23586.5568634329,-0.000255692022619769
17,10,0.6,right,\RIGHT,32,16,0.09,23586.741180693,23586.6569318939,0.00975477636166033
17,10,0.6,right,\RIGHT,32,17,0.105,23586.8361909867,23586.7469563805,-0.000289198098471388
17,10,0.6,right,\RIGHT,32,18,0.12,23586.9312012804,23586.8470254453,0.00975538007332943
17,10,0.6,right,\RIGHT,32,19,0.135,23587.026211574,23586.9370879658,-0.000251164176006569
17,10,0.6,right,\RIGHT,32,20,0.15,23587.1212218677,23587.0371111484,0.00970949788097641
17,10,0.6,right,\RIGHT,32,21,0.165,23587.2162321613,23587.1272455108,-0.000179322316398611
17,10,0.6,right,\RIGHT,32,22,0.18,23587.311242455,23587.2169684427,-0.000590752781135961
17,10,0.6,right,\RIGHT,32,23,0.195,23587.4062527487,23587.3173333269,7.17868097126484e-05
17,10,0.6,right,\RIGHT,32,24,0.21,23587.5012630423,23587.407392527,-0.000254484595643589
17,10,0.6,right,\RIGHT,32,25,0.225,23587.596273336,23587.5075225668,-0.000163057578902226
17,10,0.6,right,\RIGHT,32,26,0.24,23587.6912836297,23587.5975594295,-0.000276821978332009
17,10,0.6,right,\RIGHT,32,27,0.255,23587.7862939233,23587.6976146089,-0.000237918000493664
17,10,0.6,right,\RIGHT,32,28,0.27,23587.881304217,23587.7876424159,-0.000285877675196389
17,10,0.6,right,\RIGHT,32,29,0.285,23587.9763145106,23587.8877141974,-0.000221315887756646
17,10,0.6,right,\RIGHT,32,30,0.3,23588.0713248043,23587.9777969423,-0.00023093978597899
17,10,0.6,right,\RIGHT,32,31,0.315,23588.166335098,23588.077853631,-0.000236408715863945
17,10,0.6,right,\RIGHT,32,32,0.33,23588.2613453916,23588.1679173589,-0.000249956749030389
17,10,0.6,right,\RIGHT,32,33,0.345,23588.3563556853,23588.2679918571,-0.000218599179788725
17,10,0.6,right,\RIGHT,32,34,0.36,23588.451365979,23588.3680352641,0.00972972226736601
17,10,0.6,right,\RIGHT,32,35,0.375,23588.5463762726,23588.4581041236,-0.000244825187110109
17,10,0.6,right,\RIGHT,32,36,0.39,23588.6413865663,23588.548171172,-0.000246636325755389
17,10,0.6,right,\RIGHT,32,37,0.405,23588.73639686,23588.6482547259,-0.000209543482924346
17,10,0.6,right,\RIGHT,32,38,0.42,23588.8314071536,23588.738292796,-0.000275614554993808
17,10,0.6,right,\RIGHT,32,39,0.435,23588.9264174473,23588.8383389197,-0.000246973693720065
17,10,0.6,right,\RIGHT,32,40,0.45,23589.0214277409,23588.9284225702,-0.000230034220294328
17,10,0.6,right,\RIGHT,32,41,0.465,23589.1164380346,23589.0284581289,-0.000257538671576185
17,10,0.6,right,\RIGHT,32,42,0.48,23589.2114483283,23589.1185233661,-0.00024844746440067
17,10,0.6,right,\RIGHT,32,43,0.495,23589.3064586219,23589.2186078256,-0.000208637917239685
17,10,0.6,right,\RIGHT,32,44,0.51,23589.4014689156,23589.3086350289,-0.000286481386865489
17,10,0.6,right,\RIGHT,32,45,0.525,23589.4964792093,23589.4087040937,-0.000224032599362545
17,10,0.6,right,\RIGHT,32,46,0.54,23589.5914895029,23589.4987934794,-0.00022429894306697
17,10,0.6,right,\RIGHT,32,47,0.555,23589.6864997966,23589.5988694869,-0.000217089895159006
17,10,0.6,right,\RIGHT,32,48,0.57,23589.7815100902,23589.688918122,-0.000265049577137688
17,10,0.6,right,\RIGHT,32,49,0.585,23589.8765203839,23589.7889579067,-0.000253312682616524
17,10,0.6,right,\RIGHT,32,50,0.6,23589.9715306776,23589.8790328034,-0.00023878805586719
17,10,0.6,right,\RIGHT,32,51,0.6,23590.0665409712,23589.979083153,-0.000242747704760404
17,10,0.6,right,\RIGHT,32,52,0.6,23590.1615512649,23590.0691686146,-0.000228223074373091
17,10,0.6,right,\RIGHT,32,53,0.6,23590.2565615586,23590.169240698,-0.000221014033741085
17,10,0.6,right,\RIGHT,32,54,0.6,23590.3515718522,23590.2593533267,-0.00020105599105591
17,10,0.6,right,\RIGHT,32,55,0.6,23590.4465821459,23590.3593227788,-0.000323645253956784
17,10,0.6,right,\RIGHT,32,56,0.6,23590.5415924395,23590.4593921455,0.00975568193098297
17,10,0.6,right,\RIGHT,32,57,0.6,23590.6366027332,23590.5494724755,-0.000233354639931349
17,10,0.6,right,\RIGHT,32,58,0.6,23590.7316130269,23590.6395440517,-0.00024210847550421
17,10,0.6,right,\RIGHT,32,59,0.6,23590.8266233205,23590.7395787049,-0.000258444244536804
17,10,0.6,right,\RIGHT,32,60,0.6,23590.9216336142,23590.8296270381,-0.000265351431153249
17,10,0.6,right,\RIGHT,32,61,0.6,23591.0166439079,23590.9297516445,-0.000168490994838066
17,10,0.6,right,\RIGHT,32,62,0.6,23591.1116542015,23591.0197933369,-0.000271992277703248
17,10,0.6,right,\RIGHT,32,63,0.6,23591.2066644952,23591.1198611943,-0.000225240022700746
17,10,0.6,right,\RIGHT,32,64,0.6,23591.3016747889,23591.2099209981,-0.000253880883974489
17,10,0.6,right,\RIGHT,32,65,0.6,23591.3966850825,23591.3099951944,-0.000218901037442265
17,10,0.6,right,\RIGHT,32,66,0.6,23591.4916953762,23591.4000223978,-0.000286481386865489
17,10,0.6,right,\RIGHT,32,67,0.6,23591.5867056698,23591.5000739549,-0.000241540277784225
17,10,0.6,right,\RIGHT,32,68,0.6,23591.6817159635,23591.5901355698,-0.000252069745329209
17,10,0.6,right,\RIGHT,32,69,0.6,23591.7767262572,23591.6902345184,-0.000194148800801486
17,10,0.6,right,\RIGHT,32,70,0.6,23591.8717365508,23591.7802928129,-0.000255390164966229
17,10,0.6,right,\RIGHT,32,71,0.6,23591.9667468445,23591.8803310883,-0.000254821963608265
17,10,0.6,right,\RIGHT,32,72,0.6,23592.0617571382,23591.9704087017,-0.000236071347899269
17,10,0.6,right,\RIGHT,32,73,0.6,23592.1567674318,23592.0704810869,-0.000220712176087545
17,10,0.6,right,\RIGHT,32,74,0.6,23592.2517777255,23592.160546626,-0.000248145610385109
17,10,0.6,right,\RIGHT,32,75,0.6,23592.3467880191,23592.260612974,-0.000226749307330465
17,10,0.6,right,\RIGHT,32,76,0.6,23592.4417983128,23592.3506715704,-0.00025508830731269
17,10,0.6,right,\RIGHT,32,77,0.6,23592.5368086065,23592.450724335,-0.000240332850808045
17,10,0.6,right,\RIGHT,32,78,0.6,23592.6318189001,23592.5508250947,0.00978707501053577
17,10,0.6,right,\RIGHT,32,79,0.6,23592.7268291938,23592.6408471664,-0.000291612952423748
17,10,0.6,right,\RIGHT,32,80,0.6,23592.8218394875,23592.7308731623,-0.000287688813841669
17,10,0.6,right,\RIGHT,32,81,0.6,23592.9168497811,23592.8309835814,-0.000182678253622726
17,10,0.6,right,\RIGHT,32,82,0.6,23593.0118600748,23592.9210464038,-0.000250862318353029
17,10,0.6,right,\RIGHT,32,83,0.6,23593.1068703685,23593.0211073185,-0.000232182723266305
17,10,0.6,right,\RIGHT,32,84,0.6,23593.2018806621,23593.1111728575,-0.000248145610385109
17,10,0.6,right,\RIGHT,32,85,0.6,23593.2968909558,23593.2112056995,-0.000260255379544105
17,10,0.6,right,\RIGHT,32,86,0.6,23593.3919012494,23593.3012700312,-0.000249353037361288
17,10,0.6,right,\RIGHT,32,87,0.6,23593.4869115431,23593.4013659612,-0.000197167366422946
17,10,0.6,right,\RIGHT,32,88,0.6,23593.5819218368,23593.4913786754,-0.000300970503303688
17,10,0.6,right,\RIGHT,32,89,0.6,23593.6769321304,23593.5914546829,-0.000217089895159006
17,10,0.6,right,\RIGHT,32,90,0.6,23593.7719424241,23593.6815087514,-0.000259616157563869
17,10,0.6,right,\RIGHT,32,91,0.6,23593.8669527178,23593.7815817403,-0.000220108464418445
17,10,0.6,right,\RIGHT,32,92,0.6,23593.9619630114,23593.8716352052,-0.000260219869232969
17,10,0.6,right,\RIGHT,32,93,0.6,23594.0569733051,23593.9717353612,-0.000192941373825306
17,10,0.6,right,\RIGHT,32,94,0.6,23594.1519835987,23594.0618005984,-0.000248447468038648
17,10,0.6,right,\RIGHT,32,95,0.6,23594.2469938924,23594.1618560796,-0.000237616142840125
17,10,0.6,right,\RIGHT,32,96,0.6,23594.3420041861,23594.2519149779,-0.000254786453297129
17,10,0.6,right,\RIGHT,32,97,0.6,23594.4370144797,23594.3519689498,-0.000239125423831865
17,10,0.6,right,\RIGHT,32,98,0.6,23594.5320247734,23594.4420332815,-0.00024935303372331
17,10,0.6,right,\RIGHT,32,99,0.6,23594.6270350671,23594.5420781977,-0.000248181120696245
17,10,0.6,right,\RIGHT,32,100,0.6,23594.7220453607,23594.6321380016,-0.000253880883974489
17,10,0.6,right,\RIGHT,32,101,0.6,23594.8170556544,23594.732233026,-0.000198072935745586
17,10,0.6,right,\RIGHT,32,102,0.6,23594.9120659481,23594.822296754,-0.000249956749030389
17,10,0.6,right,\RIGHT,32,103,0.6,23595.0070762417,23594.9223486129,0.00973817425256129
17,10,0.6,right,\RIGHT,32,104,0.6,23595.1020865354,23595.0124117371,-0.000250560460699489
17,10,0.6,right,\RIGHT,32,105,0.6,23595.197096829,23595.1124524274,0.00972700555939809
17,10,0.6,right,\RIGHT,32,106,0.6,23595.2921071227,23595.2025131368,-0.000252975314651849
17,10,0.6,right,\RIGHT,32,107,0.6,23595.3871174164,23595.3025942758,0.00976745433945325
17,10,0.6,right,\RIGHT,32,108,0.6,23595.48212771,23595.3926640409,-0.000243919617787469
17,10,0.6,right,\RIGHT,32,109,0.6,23595.5771380037,23595.4927391428,0.00976141720457235
17,10,0.6,right,\RIGHT,32,110,0.6,23595.6721482974,23595.5827898909,-0.000262936580838868
17,10,0.6,right,\RIGHT,32,111,0.6,23595.767158591,23595.6828580502,0.00975447450764477
17,10,0.6,right,\RIGHT,32,112,0.6,23595.8621688847,23595.772907289,-0.000264445865468588
17,10,0.6,right,\RIGHT,32,113,0.6,23595.9571791783,23595.8729805798,0.00975960606956505
17,10,0.6,right,\RIGHT,32,114,0.6,23596.052189472,23595.963018348,-0.000275916412647348
17,10,0.6,right,\RIGHT,32,115,0.6,23596.1471997657,23596.0631046186,0.00977258589773555
17,10,0.6,right,\RIGHT,32,116,0.6,23596.2422100593,23596.153165328,-0.000252975314651849
17,10,0.6,right,\RIGHT,32,117,0.6,23596.337220353,23596.2532292612,0.00975024851504713
17,10,0.6,right,\RIGHT,32,118,0.6,23596.4322306467,23596.3432594831,-0.000283462824882008
17,10,0.6,right,\RIGHT,32,119,0.6,23596.5272409403,23596.4333223055,-0.000250862318353029
17,10,0.6,right,\RIGHT,32,120,0.6,23596.622251234,NaN,NaN
17,10,0.6,right,\RIGHT,32,121,0.6,23596.7172615277,NaN,NaN
17,10,0.6,right,\RIGHT,32,122,0.6,23596.8122718213,NaN,NaN
17,10,0.6,right,\RIGHT,32,123,0.6,23596.907282115,NaN,NaN
17,10,0.6,right,\RIGHT,32,124,0.6,23597.0022924086,NaN,NaN
17,10,0.6,right,\RIGHT,32,125,0.6,23597.0973027023,NaN,NaN
17,10,0.6,right,\RIGHT,32,126,0.6,23597.192312996,NaN,NaN
17,10,0.6,right,\RIGHT,32,127,0.6,23597.2873232896,NaN,NaN
17,10,0.6,right,\RIGHT,32,128,0.6,23597.3823335833,NaN,NaN
17,10,0.6,right,\RIGHT,32,129,0.6,23597.477343877,NaN,NaN
17,10,0.6,right,\RIGHT,32,130,0.6,23597.5723541706,NaN,NaN
17,10,0.6,right,\RIGHT,32,131,0.6,23597.6673644643,NaN,NaN
17,10,0.6,right,\RIGHT,32,132,0.6,23597.7623747579,NaN,NaN
17,10,0.6,right,\RIGHT,32,133,0.6,23597.8573850516,NaN,NaN
17,10,0.6,right,\RIGHT,32,134,0.6,23597.9523953453,NaN,NaN
17,10,0.6,right,\RIGHT,32,135,0.6,23598.0474056389,NaN,NaN
17,10,0.6,right,\RIGHT,32,136,0.6,23598.1424159326,NaN,NaN
17,10,0.6,right,\RIGHT,32,137,0.6,23598.2374262263,NaN,NaN
17,10,0.6,right,\RIGHT,32,138,0.6,23598.3324365199,NaN,NaN
17,10,0.6,right,\RIGHT,32,139,0.6,23598.4274468136,NaN,NaN
17,10,0.6,right,\RIGHT,32,140,0.6,23598.5224571073,NaN,NaN
17,10,0.6,right,\RIGHT,32,141,0.6,23598.6174674009,NaN,NaN
17,10,0.6,right,\RIGHT,32,142,0.6,23598.7124776946,NaN,NaN
17,10,0.6,right,\RIGHT,32,143,0.6,23598.8074879882,NaN,NaN
17,10,0.6,right,\RIGHT,32,144,0.6,23598.9024982819,NaN,NaN
17,10,0.6,right,\RIGHT,32,145,0.6,23598.9975085756,NaN,NaN
17,10,0.6,right,\RIGHT,32,146,0.6,23599.0925188692,NaN,NaN
17,10,0.6,right,\RIGHT,32,147,0.6,23599.1875291629,NaN,NaN
17,10,0.6,right,\RIGHT,32,148,0.6,23599.2825394566,NaN,NaN
17,10,0.6,right,\RIGHT,32,149,0.6,23599.3775497502,NaN,NaN
17,10,0.6,right,\RIGHT,32,150,0.6,23599.4725600439,NaN,NaN
17,10,0.6,right,\RIGHT,32,151,0.6,23599.5675703375,NaN,NaN
17,10,0.6,right,\RIGHT,32,152,0.6,23599.6625806312,NaN,NaN
17,10,0.6,right,\RIGHT,32,153,0.6,23599.7575909249,NaN,NaN
17,10,0.6,right,\RIGHT,32,154,0.6,23599.8526012185,NaN,NaN
17,10,0.6,right,\RIGHT,32,155,0.6,23599.9476115122,NaN,NaN
17,10,0.6,right,\RIGHT,32,156,0.6,23600.0426218059,NaN,NaN
17,10,0.6,right,\RIGHT,32,157,0.6,23600.1376320995,NaN,NaN
17,10,0.6,right,\RIGHT,32,158,0.6,23600.2326423932,NaN,NaN
17,10,0.6,right,\RIGHT,32,159,0.6,23600.3276526868,NaN,NaN
17,10,0.6,right,\RIGHT,32,160,0.6,23600.4226629805,NaN,NaN
17,10,0.6,right,\RIGHT,32,161,0.6,23600.5176732742,NaN,NaN
17,10,0.6,right,\RIGHT,32,162,0.6,23600.6126835678,NaN,NaN
17,10,0.6,right,\RIGHT,32,163,0.6,23600.7076938615,NaN,NaN
17,10,0.6,right,\RIGHT,32,164,0.6,23600.8027041552,NaN,NaN
17,10,0.6,right,\RIGHT,32,165,0.6,23600.8977144488,NaN,NaN
17,10,0.6,right,\RIGHT,32,166,0.6,23600.9927247425,NaN,NaN
17,10,0.6,right,\RIGHT,32,167,0.6,23601.0877350362,NaN,NaN
17,10,0.6,right,\RIGHT,32,168,0.6,23601.1827453298,NaN,NaN
17,10,0.6,right,\RIGHT,32,169,0.6,23601.2777556235,NaN,NaN
17,10,0.6,right,\RIGHT,32,170,0.6,23601.3727659171,NaN,NaN
17,10,0.6,right,\RIGHT,32,171,0.6,23601.4677762108,NaN,NaN
17,10,0.6,right,\RIGHT,32,172,0.6,23601.5627865045,NaN,NaN
17,10,0.6,right,\RIGHT,32,173,0.6,23601.6577967981,NaN,NaN
17,10,0.6,right,\RIGHT,32,174,0.6,23601.7528070918,NaN,NaN
17,10,0.6,right,\RIGHT,32,175,0.6,23601.8478173855,NaN,NaN
17,10,0.6,right,\RIGHT,32,176,0.6,23601.9428276791,NaN,NaN
17,10,0.6,right,\RIGHT,32,177,0.6,23602.0378379728,NaN,NaN
17,10,0.6,right,\RIGHT,32,178,0.6,23602.1328482664,NaN,NaN
17,10,0.6,right,\RIGHT,32,179,0.6,23602.2278585601,NaN,NaN
17,10,0.6,right,\RIGHT,32,180,0.6,23602.3228688538,NaN,NaN
17,10,0.6,right,\RIGHT,32,181,0.6,23602.4178791474,NaN,NaN
17,10,0.6,right,\RIGHT,32,182,0.6,23602.5128894411,NaN,NaN
17,10,0.6,right,\RIGHT,32,183,0.6,23602.6078997348,NaN,NaN
17,10,0.6,right,\RIGHT,32,184,0.6,23602.7029100284,NaN,NaN
17,10,0.6,right,\RIGHT,32,185,0.6,23602.7979203221,NaN,NaN
17,10,0.6,right,\RIGHT,32,186,0.6,23602.8929306158,NaN,NaN
17,10,0.6,right,\RIGHT,32,187,0.6,23602.9879409094,NaN,NaN
17,10,0.6,right,\RIGHT,32,188,0.6,23603.0829512031,NaN,NaN
17,10,0.6,right,\RIGHT,32,189,0.6,23603.1779614967,NaN,NaN
17,10,0.6,right,\RIGHT,32,190,0.6,23603.2729717904,NaN,NaN
17,10,0.6,right,\RIGHT,32,191,0.6,23603.3679820841,NaN,NaN
17,10,0.6,right,\RIGHT,32,192,0.6,23603.4629923777,NaN,NaN
17,10,0.6,right,\RIGHT,32,193,0.6,23603.5580026714,NaN,NaN
17,10,0.6,right,\RIGHT,32,194,0.6,23603.6530129651,NaN,NaN
17,10,0.6,right,\RIGHT,32,195,0.6,23603.7480232587,NaN,NaN
17,10,0.6,right,\RIGHT,32,196,0.6,23603.8430335524,NaN,NaN
17,10,0.6,right,\RIGHT,32,197,0.6,23603.938043846,NaN,NaN
17,10,0.6,right,\RIGHT,32,198,0.6,23604.0330541397,NaN,NaN
17,10,0.6,right,\RIGHT,32,199,0.6,23604.1280644334,NaN,NaN
17,10,0.6,right,\RIGHT,32,200,0.6,23604.223074727,NaN,NaN
17,10,0.6,right,\RIGHT,32,201,0.6,23604.3180850207,NaN,NaN
17,10,0.6,right,\RIGHT,32,202,0.6,23604.4130953144,NaN,NaN
17,10,0.6,left,\LEFT,33,1,0,23597.9242868337,23597.9242868337,-0.000514098974235822
17,10,0.6,left,\LEFT,33,2,0,23598.0192971274,23597.9439736153,0.00920839827449527
17,10,0.6,left,\LEFT,33,3,0,23598.1143074211,23598.0243833675,7.54801149014384e-05
17,10,0.6,left,\LEFT,33,4,0,23598.2093177147,23598.1244518285,-0.000224636311031645
17,10,0.6,left,\LEFT,33,5,0,23598.3043280084,23598.2144835597,-0.000281953543890268
17,10,0.6,left,\LEFT,33,6,0,23598.3993383021,23598.3145529263,-0.000223730741709005
17,10,0.6,left,\LEFT,33,7,0,23598.4943485957,23598.4046112209,-0.000255390164966229
17,10,0.6,left,\LEFT,33,8,0,23598.5893588894,23598.5047074527,0.00978254716392257
17,10,0.6,left,\LEFT,33,9,0,23598.684369183,23598.5947717844,-0.000249353037361288
17,10,0.6,left,\LEFT,33,10,0,23598.7793794767,23598.6947729314,0.00968746235594153
17,10,0.6,left,\LEFT,33,11,0.015,23598.8743897704,23598.7848813342,-0.00020528198001557
17,10,0.6,left,\LEFT,33,12,0.03,23598.969400064,23598.8849564361,0.00976141720457235
17,10,0.6,left,\LEFT,33,13,0.045,23599.0644103577,23598.9750195603,-0.000250560460699489
17,10,0.6,left,\LEFT,33,14,0.06,23599.1594206514,23599.0750913418,0.00975809678129735
17,10,0.6,left,\LEFT,33,15,0.075,23599.254430945,23599.1650995281,-0.000305498349916888
17,10,0.6,left,\LEFT,33,16,0.09,23599.3494412387,23599.2652005897,0.00978737686818931
17,10,0.6,left,\LEFT,33,17,0.105,23599.4444515324,23599.3552326227,-0.000281651686236728
17,10,0.6,left,\LEFT,33,18,0.12,23599.539461826,23599.455332175,0.00978586758719757
17,10,0.6,left,\LEFT,33,19,0.135,23599.6344721197,23599.545389564,-0.000256295737926848
17,10,0.6,left,\LEFT,33,20,0.15,23599.7294824133,23599.6454130484,0.00970979973862995
17,10,0.6,left,\LEFT,33,21,0.165,23599.824492707,23599.7355208474,-0.00020588569532265
17,10,0.6,left,\LEFT,33,22,0.18,23599.9195030007,23599.8256226093,-0.00021192282292759
17,10,0.6,left,\LEFT,33,23,0.195,23600.0145132943,23599.9255974948,-0.000318211838020943
17,10,0.6,left,\LEFT,33,24,0.21,23600.109523588,23600.0157034827,-0.00020769683396793
17,10,0.6,left,\LEFT,33,25,0.225,23600.2045338817,23600.1157782828,-0.000218297322135186
17,10,0.6,left,\LEFT,33,26,0.24,23600.2995441753,23600.2057852617,-0.000306705776893068
17,10,0.6,left,\LEFT,33,27,0.255,23600.394554469,23600.3058929641,-0.000185394961590646
17,10,0.6,left,\LEFT,33,28,0.27,23600.4895647626,23600.3959449196,-0.000261729153862689
17,10,0.6,left,\LEFT,33,29,0.285,23600.5845750563,23600.496000099,-0.000237917996855685
17,10,0.6,left,\LEFT,33,30,0.3,23600.67958535,23600.5860445081,-0.000269275569735328
17,10,0.6,left,\LEFT,33,31,0.315,23600.7745956436,23600.6861497957,-0.000187809811905026
17,10,0.6,left,\LEFT,33,32,0.33,23600.8696059373,23600.7761613025,-0.000302177930279868
17,10,0.6,left,\LEFT,33,33,0.345,23600.964616231,23600.8762403285,-0.000214071329537546
17,10,0.6,left,\LEFT,33,34,0.36,23601.0596265246,23600.976326901,0.00977288775175111
17,10,0.6,left,\LEFT,33,35,0.375,23601.1546368183,23601.0663894215,-0.00025116417236859
17,10,0.6,left,\LEFT,33,36,0.39,23601.249647112,23601.1564483197,-0.000254786453297129
17,10,0.6,left,\LEFT,33,37,0.405,23601.3446574056,23601.2564850859,-0.000256331248237984
17,10,0.6,left,\LEFT,33,38,0.42,23601.4396676993,23601.3465409656,-0.000257805018918589
17,10,0.6,left,\LEFT,33,39,0.435,23601.5346779929,23601.446640216,-0.000193846943147946
17,10,0.6,left,\LEFT,33,40,0.45,23601.6296882866,23601.5366674193,-0.000286481390503468
17,10,0.6,left,\LEFT,33,41,0.465,23601.7246985803,23601.6367331637,-0.000227353018999565
17,10,0.6,left,\LEFT,33,42,0.48,23601.8197088739,23601.7268041362,-0.000242712190811289
17,10,0.6,left,\LEFT,33,43,0.495,23601.9147191676,NaN,NaN
17,10,0.6,left,\LEFT,33,44,0.51,23602.0097294613,NaN,NaN
17,10,0.6,left,\LEFT,33,45,0.525,23602.1047397549,NaN,NaN
17,10,0.6,left,\LEFT,33,46,0.54,23602.1997500486,NaN,NaN
17,10,0.6,left,\LEFT,33,47,0.555,23602.2947603422,NaN,NaN
17,10,0.6,left,\LEFT,33,48,0.57,23602.3897706359,NaN,NaN
17,10,0.6,left,\LEFT,33,49,0.585,23602.4847809296,NaN,NaN
17,10,0.6,left,\LEFT,33,50,0.6,23602.5797912232,NaN,NaN
17,10,0.6,left,\LEFT,33,51,0.6,23602.6748015169,NaN,NaN
17,10,0.6,left,\LEFT,33,52,0.6,23602.7698118106,NaN,NaN
17,10,0.6,left,\LEFT,33,53,0.6,23602.8648221042,NaN,NaN
17,10,0.6,left,\LEFT,33,54,0.6,23602.9598323979,NaN,NaN
17,10,0.6,left,\LEFT,33,55,0.6,23603.0548426915,NaN,NaN
17,10,0.6,left,\LEFT,33,56,0.6,23603.1498529852,NaN,NaN
17,10,0.6,left,\LEFT,33,57,0.6,23603.2448632789,NaN,NaN
17,10,0.6,left,\LEFT,33,58,0.6,23603.3398735725,NaN,NaN
17,10,0.6,left,\LEFT,33,59,0.6,23603.4348838662,NaN,NaN
17,10,0.6,left,\LEFT,33,60,0.6,23603.5298941599,NaN,NaN
17,10,0.6,left,\LEFT,33,61,0.6,23603.6249044535,NaN,NaN
17,10,0.6,left,\LEFT,33,62,0.6,23603.7199147472,NaN,NaN
17,10,0.6,left,\LEFT,33,63,0.6,23603.8149250409,NaN,NaN
17,10,0.6,left,\LEFT,33,64,0.6,23603.9099353345,NaN,NaN
17,10,0.6,left,\LEFT,33,65,0.6,23604.0049456282,NaN,NaN
17,10,0.6,left,\LEFT,33,66,0.6,23604.0999559218,NaN,NaN
17,10,0.6,left,\LEFT,33,67,0.6,23604.1949662155,NaN,NaN
17,10,0.6,left,\LEFT,33,68,0.6,23604.2899765092,NaN,NaN
17,10,0.6,left,\LEFT,33,69,0.6,23604.3849868028,NaN,NaN
17,10,0.6,left,\LEFT,33,70,0.6,23604.4799970965,NaN,NaN
17,10,0.6,left,\LEFT,33,71,0.6,23604.5750073902,NaN,NaN
17,10,0.6,left,\LEFT,33,72,0.6,23604.6700176838,NaN,NaN
17,10,0.6,left,\LEFT,33,73,0.6,23604.7650279775,NaN,NaN
17,10,0.6,left,\LEFT,33,74,0.6,23604.8600382711,NaN,NaN
17,10,0.6,left,\LEFT,33,75,0.6,23604.9550485648,NaN,NaN
17,10,0.6,left,\LEFT,33,76,0.6,23605.0500588585,NaN,NaN
17,10,0.6,left,\LEFT,33,77,0.6,23605.1450691521,NaN,NaN
17,10,0.6,left,\LEFT,33,78,0.6,23605.2400794458,NaN,NaN
17,10,0.6,left,\LEFT,33,79,0.6,23605.3350897395,NaN,NaN
17,10,0.6,left,\LEFT,33,80,0.6,23605.4301000331,NaN,NaN
17,10,0.6,left,\LEFT,33,81,0.6,23605.5251103268,NaN,NaN
17,10,0.6,left,\LEFT,33,82,0.6,23605.6201206205,NaN,NaN
17,10,0.6,left,\LEFT,33,83,0.6,23605.7151309141,NaN,NaN
17,10,0.6,left,\LEFT,33,84,0.6,23605.8101412078,NaN,NaN
17,10,0.6,left,\LEFT,33,85,0.6,23605.9051515014,NaN,NaN
17,10,0.6,left,\LEFT,33,86,0.6,23606.0001617951,NaN,NaN
17,10,0.6,left,\LEFT,33,87,0.6,23606.0951720888,NaN,NaN
17,10,0.6,left,\LEFT,33,88,0.6,23606.1901823824,NaN,NaN
17,10,0.6,left,\LEFT,33,89,0.6,23606.2851926761,NaN,NaN
17,10,0.6,left,\LEFT,33,90,0.6,23606.3802029698,NaN,NaN
17,10,0.6,left,\LEFT,33,91,0.6,23606.4752132634,NaN,NaN
17,10,0.6,left,\LEFT,33,92,0.6,23606.5702235571,NaN,NaN
17,10,0.6,left,\LEFT,33,93,0.6,23606.6652338507,NaN,NaN
17,10,0.6,left,\LEFT,33,94,0.6,23606.7602441444,NaN,NaN
17,10,0.6,left,\LEFT,33,95,0.6,23606.8552544381,NaN,NaN
17,10,0.6,left,\LEFT,33,96,0.6,23606.9502647317,NaN,NaN
17,10,0.6,left,\LEFT,33,97,0.6,23607.0452750254,NaN,NaN
17,10,0.6,left,\LEFT,33,98,0.6,23607.1402853191,NaN,NaN
17,10,0.6,left,\LEFT,33,99,0.6,23607.2352956127,NaN,NaN
17,10,0.6,left,\LEFT,33,100,0.6,23607.3303059064,NaN,NaN
17,10,0.6,left,\LEFT,33,101,0.6,23607.4253162001,NaN,NaN
17,10,0.6,left,\LEFT,33,102,0.6,23607.5203264937,NaN,NaN
17,10,0.6,left,\LEFT,33,103,0.6,23607.6153367874,NaN,NaN
17,10,0.6,left,\LEFT,33,104,0.6,23607.710347081,NaN,NaN
17,10,0.6,left,\LEFT,33,105,0.6,23607.8053573747,NaN,NaN
17,10,0.6,left,\LEFT,33,106,0.6,23607.9003676684,NaN,NaN
17,10,0.6,left,\LEFT,33,107,0.6,23607.995377962,NaN,NaN
17,10,0.6,left,\LEFT,33,108,0.6,23608.0903882557,NaN,NaN
17,10,0.6,left,\LEFT,33,109,0.6,23608.1853985494,NaN,NaN
17,10,0.6,left,\LEFT,33,110,0.6,23608.280408843,NaN,NaN
17,10,0.6,left,\LEFT,33,111,0.6,23608.3754191367,NaN,NaN
17,10,0.6,left,\LEFT,33,112,0.6,23608.4704294303,NaN,NaN
17,10,0.6,left,\LEFT,33,113,0.6,23608.565439724,NaN,NaN
17,10,0.6,left,\LEFT,33,114,0.6,23608.6604500177,NaN,NaN
17,10,0.6,left,\LEFT,33,115,0.6,23608.7554603113,NaN,NaN
17,10,0.6,left,\LEFT,33,116,0.6,23608.850470605,NaN,NaN
17,10,0.6,left,\LEFT,33,117,0.6,23608.9454808987,NaN,NaN
17,10,0.6,left,\LEFT,33,118,0.6,23609.0404911923,NaN,NaN
17,10,0.6,left,\LEFT,33,119,0.6,23609.135501486,NaN,NaN
17,10,0.6,left,\LEFT,33,120,0.6,23609.2305117797,NaN,NaN
17,10,0.6,left,\LEFT,33,121,0.6,23609.3255220733,NaN,NaN
17,10,0.6,left,\LEFT,33,122,0.6,23609.420532367,NaN,NaN
17,10,0.6,left,\LEFT,33,123,0.6,23609.5155426606,NaN,NaN
17,10,0.6,left,\LEFT,33,124,0.6,23609.6105529543,NaN,NaN
17,10,0.6,left,\LEFT,33,125,0.6,23609.705563248,NaN,NaN
17,10,0.6,left,\LEFT,33,126,0.6,23609.8005735416,NaN,NaN
17,10,0.6,left,\LEFT,33,127,0.6,23609.8955838353,NaN,NaN
17,10,0.6,left,\LEFT,33,128,0.6,23609.990594129,NaN,NaN
17,10,0.6,left,\LEFT,33,129,0.6,23610.0856044226,NaN,NaN
17,10,0.6,left,\LEFT,33,130,0.6,23610.1806147163,NaN,NaN
17,10,0.6,left,\LEFT,33,131,0.6,23610.2756250099,NaN,NaN
17,10,0.6,left,\LEFT,33,132,0.6,23610.3706353036,NaN,NaN
17,10,0.6,left,\LEFT,33,133,0.6,23610.4656455973,NaN,NaN
17,10,0.6,left,\LEFT,33,134,0.6,23610.5606558909,NaN,NaN
17,10,0.6,left,\LEFT,33,135,0.6,23610.6556661846,NaN,NaN
17,10,0.6,left,\LEFT,33,136,0.6,23610.7506764783,NaN,NaN
17,10,0.6,left,\LEFT,33,137,0.6,23610.8456867719,NaN,NaN
17,10,0.6,left,\LEFT,33,138,0.6,23610.9406970656,NaN,NaN
17,10,0.6,left,\LEFT,33,139,0.6,23611.0357073592,NaN,NaN
17,10,0.6,left,\LEFT,33,140,0.6,23611.1307176529,NaN,NaN
17,10,0.6,left,\LEFT,33,141,0.6,23611.2257279466,NaN,NaN
17,10,0.6,left,\LEFT,33,142,0.6,23611.3207382402,NaN,NaN
17,10,0.6,left,\LEFT,33,143,0.6,23611.4157485339,NaN,NaN
17,10,0.6,left,\LEFT,33,144,0.6,23611.5107588276,NaN,NaN
17,10,0.6,left,\LEFT,33,145,0.6,23611.6057691212,NaN,NaN
17,10,0.6,left,\LEFT,33,146,0.6,23611.7007794149,NaN,NaN
17,10,0.6,left,\LEFT,33,147,0.6,23611.7957897086,NaN,NaN
17,10,0.6,left,\LEFT,33,148,0.6,23611.8908000022,NaN,NaN
17,10,0.6,left,\LEFT,33,149,0.6,23611.9858102959,NaN,NaN
17,10,0.6,left,\LEFT,33,150,0.6,23612.0808205895,NaN,NaN
17,10,0.6,left,\LEFT,33,151,0.6,23612.1758308832,NaN,NaN
17,10,0.6,left,\LEFT,33,152,0.6,23612.2708411769,NaN,NaN
17,10,0.6,left,\LEFT,33,153,0.6,23612.3658514705,NaN,NaN
17,10,0.6,left,\LEFT,33,154,0.6,23612.4608617642,NaN,NaN
17,10,0.6,left,\LEFT,33,155,0.6,23612.5558720579,NaN,NaN
17,10,0.6,left,\LEFT,33,156,0.6,23612.6508823515,NaN,NaN
17,10,0.6,left,\LEFT,33,157,0.6,23612.7458926452,NaN,NaN
17,10,0.6,left,\LEFT,33,158,0.6,23612.8409029388,NaN,NaN
17,10,0.6,left,\LEFT,33,159,0.6,23612.9359132325,NaN,NaN
17,10,0.6,left,\LEFT,33,160,0.6,23613.0309235262,NaN,NaN
17,10,0.6,left,\LEFT,33,161,0.6,23613.1259338198,NaN,NaN
17,10,0.6,left,\LEFT,33,162,0.6,23613.2209441135,NaN,NaN
17,10,0.6,left,\LEFT,33,163,0.6,23613.3159544072,NaN,NaN
17,10,0.6,left,\LEFT,33,164,0.6,23613.4109647008,NaN,NaN
17,10,0.6,left,\LEFT,33,165,0.6,23613.5059749945,NaN,NaN
17,10,0.6,left,\LEFT,33,166,0.6,23613.6009852882,NaN,NaN
17,10,0.6,left,\LEFT,33,167,0.6,23613.6959955818,NaN,NaN
17,10,0.6,left,\LEFT,33,168,0.6,23613.7910058755,NaN,NaN
17,10,0.6,left,\LEFT,33,169,0.6,23613.8860161691,NaN,NaN
17,10,0.6,left,\LEFT,33,170,0.6,23613.9810264628,NaN,NaN
17,10,0.6,left,\LEFT,33,171,0.6,23614.0760367565,NaN,NaN
17,10,0.6,left,\LEFT,33,172,0.6,23614.1710470501,NaN,NaN
17,10,0.6,left,\LEFT,33,173,0.6,23614.2660573438,NaN,NaN
17,10,0.6,left,\LEFT,33,174,0.6,23614.3610676375,NaN,NaN
17,10,0.6,left,\LEFT,33,175,0.6,23614.4560779311,NaN,NaN
17,10,0.6,left,\LEFT,33,176,0.6,23614.5510882248,NaN,NaN
17,10,0.6,left,\LEFT,33,177,0.6,23614.6460985184,NaN,NaN
17,10,0.6,left,\LEFT,33,178,0.6,23614.7411088121,NaN,NaN
17,10,0.6,left,\LEFT,33,179,0.6,23614.8361191058,NaN,NaN
17,10,0.6,left,\LEFT,33,180,0.6,23614.9311293994,NaN,NaN
17,10,0.6,left,\LEFT,33,181,0.6,23615.0261396931,NaN,NaN
17,10,0.6,left,\LEFT,33,182,0.6,23615.1211499868,NaN,NaN
17,10,0.6,left,\LEFT,33,183,0.6,23615.2161602804,NaN,NaN
17,10,0.6,left,\LEFT,33,184,0.6,23615.3111705741,NaN,NaN
17,10,0.6,left,\LEFT,33,185,0.6,23615.4061808678,NaN,NaN
17,10,0.6,left,\LEFT,33,186,0.6,23615.5011911614,NaN,NaN
17,10,0.6,left,\LEFT,33,187,0.6,23615.5962014551,NaN,NaN
17,10,0.6,left,\LEFT,33,188,0.6,23615.6912117487,NaN,NaN
17,10,0.6,left,\LEFT,33,189,0.6,23615.7862220424,NaN,NaN
17,10,0.6,left,\LEFT,33,190,0.6,23615.8812323361,NaN,NaN
17,10,0.6,left,\LEFT,33,191,0.6,23615.9762426297,NaN,NaN
17,10,0.6,left,\LEFT,33,192,0.6,23616.0712529234,NaN,NaN
17,10,0.6,left,\LEFT,33,193,0.6,23616.1662632171,NaN,NaN
17,10,0.6,left,\LEFT,33,194,0.6,23616.2612735107,NaN,NaN
17,10,0.6,left,\LEFT,33,195,0.6,23616.3562838044,NaN,NaN
17,10,0.6,left,\LEFT,33,196,0.6,23616.451294098,NaN,NaN
17,10,0.6,left,\LEFT,33,197,0.6,23616.5463043917,NaN,NaN
17,10,0.6,left,\LEFT,33,198,0.6,23616.6413146854,NaN,NaN
17,10,0.6,left,\LEFT,33,199,0.6,23616.736324979,NaN,NaN
17,10,0.6,left,\LEFT,33,200,0.6,23616.8313352727,NaN,NaN
17,10,0.6,left,\LEFT,33,201,0.6,23616.9263455664,NaN,NaN
17,10,0.6,left,\LEFT,33,202,0.6,23617.02135586,NaN,NaN
17,7,0.6,right,\RIGHT,34,1,0,23603.0076194627,23603.0076194627,-0.000479687329061562
17,7,0.6,right,\RIGHT,34,2,0,23603.1026297564,23603.0376116265,0.0195137804948899
17,7,0.6,right,\RIGHT,34,3,0,23603.1976400501,23603.1076984888,-0.000267997114860918
17,7,0.6,right,\RIGHT,34,4,0,23603.2926503437,23603.2077904947,-0.000201091497729067
17,7,0.6,right,\RIGHT,34,5,0,23603.3876606374,23603.297863882,-0.000240297340496909
17,7,0.6,right,\RIGHT,34,6,0,23603.4826709311,23603.3979260041,0.00974843737276387
17,7,0.6,right,\RIGHT,34,7,0,23603.5776812247,23603.4879426424,-0.000297046368359588
17,7,0.6,right,\RIGHT,34,8,0.015,23603.6726915184,23603.5880446096,0.00978828243751195
17,7,0.6,right,\RIGHT,34,9,0.03,23603.767701812,23603.6781092431,-0.00024905117606977
17,7,0.6,right,\RIGHT,34,10,0.045,23603.8627121057,23603.7781798171,0.00975688935795915
17,7,0.6,right,\RIGHT,34,11,0.06,23603.9577223994,23603.8682061149,-0.000287386959826108
17,7,0.6,right,\RIGHT,34,12,0.075,23604.052732693,23603.9683177414,0.00979794184604543
17,7,0.6,right,\RIGHT,34,13,0.09,23604.1477429867,23604.0583488689,-0.000282557255559368
17,7,0.6,right,\RIGHT,34,14,0.105,23604.2427532804,23604.1583382435,0.00967568995110923
17,7,0.6,right,\RIGHT,34,15,0.12,23604.337763574,23604.2484454388,-0.00020648940699175
17,7,0.6,right,\RIGHT,34,16,0.135,23604.4327738677,23604.348534728,0.00977560445971903
17,7,0.6,right,\RIGHT,34,17,0.15,23604.5277841614,23604.4385703833,-0.000278029405308189
17,7,0.6,right,\RIGHT,34,18,0.165,23604.622794455,23604.5385941696,0.00971010159628349
17,7,0.6,right,\RIGHT,34,19,0.18,23604.7178047487,23604.6287246078,-0.00018324645498069
17,7,0.6,right,\RIGHT,34,20,0.195,23604.8128150423,23604.7287674111,0.00972911855569691
17,7,0.6,right,\RIGHT,34,21,0.21,23604.907825336,23604.8188534764,-0.00022761936270399
17,7,0.6,right,\RIGHT,34,22,0.225,23605.0028356297,23604.9089615773,-0.00020558383766911
17,7,0.6,right,\RIGHT,34,23,0.24,23605.0978459233,23605.0089569891,-0.000297685593977803
17,7,0.6,right,\RIGHT,34,24,0.255,23605.192856217,23605.099029169,-0.000241504767473089
17,7,0.6,right,\RIGHT,34,25,0.27,23605.2878665107,23605.1990707648,-0.000251501540333265
17,7,0.6,right,\RIGHT,34,26,0.285,23605.3828768043,23605.2891405299,-0.000243919617787469
17,7,0.6,right,\RIGHT,34,27,0.3,23605.477887098,23605.3892295172,-0.000204110066988505
17,7,0.6,right,\RIGHT,34,28,0.315,23605.5728973916,23605.4792923396,-0.000250862318353029
17,7,0.6,right,\RIGHT,34,29,0.33,23605.6679076853,23605.5793577821,-0.000227654876653105
17,7,0.6,right,\RIGHT,34,30,0.345,23605.762917979,23605.6693840798,-0.000287386959826108
17,7,0.6,right,\RIGHT,34,31,0.36,23605.8579282726,23605.7694534465,-0.000223730738071026
17,7,0.6,right,\RIGHT,34,32,0.375,23605.9529385663,23605.859534984,-0.000232147212955169
17,7,0.6,right,\RIGHT,34,33,0.39,23606.04794886,23605.9595666185,-0.000261462810158264
17,7,0.6,right,\RIGHT,34,34,0.405,23606.1429591536,23606.0596537947,0.00977349146705819
17,7,0.6,right,\RIGHT,34,35,0.42,23606.2379694473,23606.1497166171,-0.000250862318353029
17,7,0.6,right,\RIGHT,34,36,0.435,23606.332979741,23606.2397848729,-0.00024542889877921
17,7,0.6,right,\RIGHT,34,37,0.45,23606.4279900346,23606.3398436745,-0.000234295719565125
17,7,0.6,right,\RIGHT,34,38,0.465,23606.5230003283,23606.4299140433,-0.000243315906118369
17,7,0.6,right,\RIGHT,34,39,0.48,23606.6180106219,23606.529977071,-0.000230069726967486
17,7,0.6,right,\RIGHT,34,40,0.495,23606.7130209156,23606.6200030669,-0.000287688817479648
17,7,0.6,right,\RIGHT,34,41,0.51,23606.8080312093,23606.7201382382,-0.000157926016981946
17,7,0.6,right,\RIGHT,34,42,0.525,23606.9030415029,23606.8101268039,-0.000325119024637388
17,7,0.6,right,\RIGHT,34,43,0.54,23606.9980517966,23606.9102296766,-0.000190224665857386
17,7,0.6,right,\RIGHT,34,44,0.555,23607.0930620903,23607.0002595966,-0.000283764682535548
17,7,0.6,right,\RIGHT,34,45,0.57,23607.1880723839,23607.1003250391,-0.000227654873015126
17,7,0.6,right,\RIGHT,34,46,0.585,23607.2830826776,23607.1903917856,-0.000246938183408929
17,7,0.6,right,\RIGHT,34,47,0.6,23607.3780929712,23607.2904991862,-0.000185696819244185
17,7,0.6,right,\RIGHT,34,48,0.6,23607.4731032649,23607.3805288044,-0.000284066536551109
17,7,0.6,right,\RIGHT,34,49,0.6,23607.5681135586,23607.4805725132,-0.000249388547672424
17,7,0.6,right,\RIGHT,34,50,0.6,23607.6631238522,23607.5706362411,-0.000249956749030389
17,7,0.6,right,\RIGHT,34,51,0.6,23607.7581341459,23607.6707237192,-0.000205619347980246
17,7,0.6,right,\RIGHT,34,52,0.6,23607.8531444396,23607.760787749,-0.000249654891376849
17,7,0.6,right,\RIGHT,34,53,0.6,23607.9481547332,23607.8608172705,-0.000263575806457084
17,7,0.6,right,\RIGHT,34,54,0.6,23608.0431650269,23607.9508885449,-0.00024241033315775
17,7,0.6,right,\RIGHT,34,55,0.6,23608.1381753206,23608.0509778341,-0.000203808209334966
17,7,0.6,right,\RIGHT,34,56,0.6,23608.2331856142,23608.1510293912,0.00973787239490775
17,7,0.6,right,\RIGHT,34,57,0.6,23608.3281959079,23608.2410952321,-0.000247843752731569
17,7,0.6,right,\RIGHT,34,58,0.6,23608.4232062015,23608.3311544322,-0.000254484595643589
17,7,0.6,right,\RIGHT,34,59,0.6,23608.5182164952,NaN,NaN
17,7,0.6,right,\RIGHT,34,60,0.6,23608.6132267889,NaN,NaN
17,7,0.6,right,\RIGHT,34,61,0.6,23608.7082370825,NaN,NaN
17,7,0.6,right,\RIGHT,34,62,0.6,23608.8032473762,NaN,NaN
17,7,0.6,right,\RIGHT,34,63,0.6,23608.8982576699,NaN,NaN
17,7,0.6,right,\RIGHT,34,64,0.6,23608.9932679635,NaN,NaN
17,7,0.6,right,\RIGHT,34,65,0.6,23609.0882782572,NaN,NaN
17,7,0.6,right,\RIGHT,34,66,0.6,23609.1832885508,NaN,NaN
17,7,0.6,right,\RIGHT,34,67,0.6,23609.2782988445,NaN,NaN
17,7,0.6,right,\RIGHT,34,68,0.6,23609.3733091382,NaN,NaN
17,7,0.6,right,\RIGHT,34,69,0.6,23609.4683194318,NaN,NaN
17,7,0.6,right,\RIGHT,34,70,0.6,23609.5633297255,NaN,NaN
17,7,0.6,right,\RIGHT,34,71,0.6,23609.6583400192,NaN,NaN
17,7,0.6,right,\RIGHT,34,72,0.6,23609.7533503128,NaN,NaN
17,7,0.6,right,\RIGHT,34,73,0.6,23609.8483606065,NaN,NaN
17,7,0.6,right,\RIGHT,34,74,0.6,23609.9433709002,NaN,NaN
17,7,0.6,right,\RIGHT,34,75,0.6,23610.0383811938,NaN,NaN
17,7,0.6,right,\RIGHT,34,76,0.6,23610.1333914875,NaN,NaN
17,7,0.6,right,\RIGHT,34,77,0.6,23610.2284017811,NaN,NaN
17,7,0.6,right,\RIGHT,34,78,0.6,23610.3234120748,NaN,NaN
17,7,0.6,right,\RIGHT,34,79,0.6,23610.4184223685,NaN,NaN
17,7,0.6,right,\RIGHT,34,80,0.6,23610.5134326621,NaN,NaN
17,7,0.6,right,\RIGHT,34,81,0.6,23610.6084429558,NaN,NaN
17,7,0.6,right,\RIGHT,34,82,0.6,23610.7034532495,NaN,NaN
17,7,0.6,right,\RIGHT,34,83,0.6,23610.7984635431,NaN,NaN
17,7,0.6,right,\RIGHT,34,84,0.6,23610.8934738368,NaN,NaN
17,7,0.6,right,\RIGHT,34,85,0.6,23610.9884841304,NaN,NaN
17,7,0.6,right,\RIGHT,34,86,0.6,23611.0834944241,NaN,NaN
17,7,0.6,right,\RIGHT,34,87,0.6,23611.1785047178,NaN,NaN
17,7,0.6,right,\RIGHT,34,88,0.6,23611.2735150114,NaN,NaN
17,7,0.6,right,\RIGHT,34,89,0.6,23611.3685253051,NaN,NaN
17,7,0.6,right,\RIGHT,34,90,0.6,23611.4635355988,NaN,NaN
17,7,0.6,right,\RIGHT,34,91,0.6,23611.5585458924,NaN,NaN
17,7,0.6,right,\RIGHT,34,92,0.6,23611.6535561861,NaN,NaN
17,7,0.6,right,\RIGHT,34,93,0.6,23611.7485664797,NaN,NaN
17,7,0.6,right,\RIGHT,34,94,0.6,23611.8435767734,NaN,NaN
17,7,0.6,right,\RIGHT,34,95,0.6,23611.9385870671,NaN,NaN
17,7,0.6,right,\RIGHT,34,96,0.6,23612.0335973607,NaN,NaN
17,7,0.6,right,\RIGHT,34,97,0.6,23612.1286076544,NaN,NaN
17,7,0.6,right,\RIGHT,34,98,0.6,23612.2236179481,NaN,NaN
17,7,0.6,right,\RIGHT,34,99,0.6,23612.3186282417,NaN,NaN
17,7,0.6,right,\RIGHT,34,100,0.6,23612.4136385354,NaN,NaN
17,7,0.6,right,\RIGHT,34,101,0.6,23612.5086488291,NaN,NaN
17,7,0.6,right,\RIGHT,34,102,0.6,23612.6036591227,NaN,NaN
17,7,0.6,right,\RIGHT,34,103,0.6,23612.6986694164,NaN,NaN
17,7,0.6,right,\RIGHT,34,104,0.6,23612.79367971,NaN,NaN
17,7,0.6,right,\RIGHT,34,105,0.6,23612.8886900037,NaN,NaN
17,7,0.6,right,\RIGHT,34,106,0.6,23612.9837002974,NaN,NaN
17,7,0.6,right,\RIGHT,34,107,0.6,23613.078710591,NaN,NaN
17,7,0.6,right,\RIGHT,34,108,0.6,23613.1737208847,NaN,NaN
17,7,0.6,right,\RIGHT,34,109,0.6,23613.2687311784,NaN,NaN
17,7,0.6,right,\RIGHT,34,110,0.6,23613.363741472,NaN,NaN
17,7,0.6,right,\RIGHT,34,111,0.6,23613.4587517657,NaN,NaN
17,7,0.6,right,\RIGHT,34,112,0.6,23613.5537620593,NaN,NaN
17,7,0.6,right,\RIGHT,34,113,0.6,23613.648772353,NaN,NaN
17,7,0.6,right,\RIGHT,34,114,0.6,23613.7437826467,NaN,NaN
17,7,0.6,right,\RIGHT,34,115,0.6,23613.8387929403,NaN,NaN
17,7,0.6,right,\RIGHT,34,116,0.6,23613.933803234,NaN,NaN
17,7,0.6,right,\RIGHT,34,117,0.6,23614.0288135277,NaN,NaN
17,7,0.6,right,\RIGHT,34,118,0.6,23614.1238238213,NaN,NaN
17,7,0.6,right,\RIGHT,34,119,0.6,23614.218834115,NaN,NaN
17,7,0.6,right,\RIGHT,34,120,0.6,23614.3138444087,NaN,NaN
17,7,0.6,right,\RIGHT,34,121,0.6,23614.4088547023,NaN,NaN
17,7,0.6,right,\RIGHT,34,122,0.6,23614.503864996,NaN,NaN
17,7,0.6,right,\RIGHT,34,123,0.6,23614.5988752896,NaN,NaN
17,7,0.6,right,\RIGHT,34,124,0.6,23614.6938855833,NaN,NaN
17,7,0.6,right,\RIGHT,34,125,0.6,23614.788895877,NaN,NaN
17,7,0.6,right,\RIGHT,34,126,0.6,23614.8839061706,NaN,NaN
17,7,0.6,right,\RIGHT,34,127,0.6,23614.9789164643,NaN,NaN
17,7,0.6,right,\RIGHT,34,128,0.6,23615.073926758,NaN,NaN
17,7,0.6,right,\RIGHT,34,129,0.6,23615.1689370516,NaN,NaN
17,7,0.6,right,\RIGHT,34,130,0.6,23615.2639473453,NaN,NaN
17,7,0.6,right,\RIGHT,34,131,0.6,23615.3589576389,NaN,NaN
17,7,0.6,right,\RIGHT,34,132,0.6,23615.4539679326,NaN,NaN
17,7,0.6,right,\RIGHT,34,133,0.6,23615.5489782263,NaN,NaN
17,7,0.6,right,\RIGHT,34,134,0.6,23615.6439885199,NaN,NaN
17,7,0.6,right,\RIGHT,34,135,0.6,23615.7389988136,NaN,NaN
17,7,0.6,right,\RIGHT,34,136,0.6,23615.8340091073,NaN,NaN
17,7,0.6,right,\RIGHT,34,137,0.6,23615.9290194009,NaN,NaN
17,7,0.6,right,\RIGHT,34,138,0.6,23616.0240296946,NaN,NaN
17,7,0.6,right,\RIGHT,34,139,0.6,23616.1190399883,NaN,NaN
17,7,0.6,right,\RIGHT,34,140,0.6,23616.2140502819,NaN,NaN
17,7,0.6,right,\RIGHT,34,141,0.6,23616.3090605756,NaN,NaN
17,7,0.6,right,\RIGHT,34,142,0.6,23616.4040708692,NaN,NaN
17,7,0.6,right,\RIGHT,34,143,0.6,23616.4990811629,NaN,NaN
17,7,0.6,right,\RIGHT,34,144,0.6,23616.5940914566,NaN,NaN
17,7,0.6,right,\RIGHT,34,145,0.6,23616.6891017502,NaN,NaN
17,7,0.6,right,\RIGHT,34,146,0.6,23616.7841120439,NaN,NaN
17,7,0.6,right,\RIGHT,34,147,0.6,23616.8791223376,NaN,NaN
17,7,0.6,right,\RIGHT,34,148,0.6,23616.9741326312,NaN,NaN
17,7,0.6,right,\RIGHT,34,149,0.6,23617.0691429249,NaN,NaN
17,7,0.6,right,\RIGHT,34,150,0.6,23617.1641532185,NaN,NaN
17,7,0.6,right,\RIGHT,34,151,0.6,23617.2591635122,NaN,NaN
17,7,0.6,right,\RIGHT,34,152,0.6,23617.3541738059,NaN,NaN
17,7,0.6,right,\RIGHT,34,153,0.6,23617.4491840995,NaN,NaN
17,7,0.6,right,\RIGHT,34,154,0.6,23617.5441943932,NaN,NaN
17,7,0.6,right,\RIGHT,34,155,0.6,23617.6392046869,NaN,NaN
17,7,0.6,right,\RIGHT,34,156,0.6,23617.7342149805,NaN,NaN
17,7,0.6,right,\RIGHT,34,157,0.6,23617.8292252742,NaN,NaN
17,7,0.6,right,\RIGHT,34,158,0.6,23617.9242355678,NaN,NaN
17,7,0.6,right,\RIGHT,34,159,0.6,23618.0192458615,NaN,NaN
17,7,0.6,right,\RIGHT,34,160,0.6,23618.1142561552,NaN,NaN
17,7,0.6,right,\RIGHT,34,161,0.6,23618.2092664488,NaN,NaN
17,7,0.6,right,\RIGHT,34,162,0.6,23618.3042767425,NaN,NaN
17,7,0.6,right,\RIGHT,34,163,0.6,23618.3992870362,NaN,NaN
17,7,0.6,right,\RIGHT,34,164,0.6,23618.4942973298,NaN,NaN
17,7,0.6,right,\RIGHT,34,165,0.6,23618.5893076235,NaN,NaN
17,7,0.6,right,\RIGHT,34,166,0.6,23618.6843179172,NaN,NaN
17,7,0.6,right,\RIGHT,34,167,0.6,23618.7793282108,NaN,NaN
17,7,0.6,right,\RIGHT,34,168,0.6,23618.8743385045,NaN,NaN
17,7,0.6,right,\RIGHT,34,169,0.6,23618.9693487981,NaN,NaN
17,7,0.6,right,\RIGHT,34,170,0.6,23619.0643590918,NaN,NaN
17,7,0.6,right,\RIGHT,34,171,0.6,23619.1593693855,NaN,NaN
17,7,0.6,right,\RIGHT,34,172,0.6,23619.2543796791,NaN,NaN
17,7,0.6,right,\RIGHT,34,173,0.6,23619.3493899728,NaN,NaN
17,7,0.6,right,\RIGHT,34,174,0.6,23619.4444002665,NaN,NaN
17,7,0.6,right,\RIGHT,34,175,0.6,23619.5394105601,NaN,NaN
17,7,0.6,right,\RIGHT,34,176,0.6,23619.6344208538,NaN,NaN
17,7,0.6,right,\RIGHT,34,177,0.6,23619.7294311474,NaN,NaN
17,7,0.6,right,\RIGHT,34,178,0.6,23619.8244414411,NaN,NaN
17,7,0.6,right,\RIGHT,34,179,0.6,23619.9194517348,NaN,NaN
17,7,0.6,right,\RIGHT,34,180,0.6,23620.0144620284,NaN,NaN
17,7,0.6,right,\RIGHT,34,181,0.6,23620.1094723221,NaN,NaN
17,7,0.6,right,\RIGHT,34,182,0.6,23620.2044826158,NaN,NaN
17,7,0.6,right,\RIGHT,34,183,0.6,23620.2994929094,NaN,NaN
17,7,0.6,right,\RIGHT,34,184,0.6,23620.3945032031,NaN,NaN
17,7,0.6,right,\RIGHT,34,185,0.6,23620.4895134968,NaN,NaN
17,7,0.6,right,\RIGHT,34,186,0.6,23620.5845237904,NaN,NaN
17,7,0.6,right,\RIGHT,34,187,0.6,23620.6795340841,NaN,NaN
17,7,0.6,right,\RIGHT,34,188,0.6,23620.7745443777,NaN,NaN
17,7,0.6,right,\RIGHT,34,189,0.6,23620.8695546714,NaN,NaN
17,7,0.6,right,\RIGHT,34,190,0.6,23620.9645649651,NaN,NaN
17,7,0.6,right,\RIGHT,34,191,0.6,23621.0595752587,NaN,NaN
17,7,0.6,right,\RIGHT,34,192,0.6,23621.1545855524,NaN,NaN
17,7,0.6,right,\RIGHT,34,193,0.6,23621.2495958461,NaN,NaN
17,7,0.6,right,\RIGHT,34,194,0.6,23621.3446061397,NaN,NaN
17,7,0.6,right,\RIGHT,34,195,0.6,23621.4396164334,NaN,NaN
17,7,0.6,right,\RIGHT,34,196,0.6,23621.534626727,NaN,NaN
17,7,0.6,right,\RIGHT,34,197,0.6,23621.6296370207,NaN,NaN
17,7,0.6,right,\RIGHT,34,198,0.6,23621.7246473144,NaN,NaN
17,7,0.6,right,\RIGHT,34,199,0.6,23621.819657608,NaN,NaN
17,7,0.6,right,\RIGHT,34,200,0.6,23621.9146679017,NaN,NaN
17,7,0.6,right,\RIGHT,34,201,0.6,23622.0096781954,NaN,NaN
17,7,0.6,right,\RIGHT,34,202,0.6,23622.104688489,NaN,NaN
17,2,0.6,right,\LEFT,35,1,0,23609.5419091581,23609.5419091581,-0.000509872985276161
17,2,0.6,right,\LEFT,35,2,0,23609.6369194517,23609.5719505245,0.0195629831141559
17,2,0.6,right,\LEFT,35,3,0.015,23609.7319297454,23609.6420047862,-0.000300597621389898
17,2,0.6,right,\LEFT,35,4,0.03,23609.8269400391,23609.7420439672,-0.000253916394285625
17,2,0.6,right,\LEFT,35,5,0.045,23609.9219503327,23609.8321677646,-0.00018988729789271
17,2,0.6,right,\LEFT,35,6,0.06,23610.0169606264,23609.932220831,0.00973938167953747
17,2,0.6,right,\LEFT,35,7,0.075,23610.1119709201,23610.0222688624,-0.000265653288806789
17,2,0.6,right,\LEFT,35,8,0.09,23610.2069812137,23610.1222700095,0.00968746235230356
17,2,0.6,right,\LEFT,35,9,0.105,23610.3019915074,23610.2123735825,-0.00021011168428231
17,2,0.6,right,\LEFT,35,10,0.12,23610.3970018011,23610.3124646828,0.00977741560200229
17,2,0.6,right,\LEFT,35,11,0.135,23610.4920120947,23610.4025039604,-0.000274407128017629
17,2,0.6,right,\LEFT,35,12,0.15,23610.5870223884,23610.5025947588,0.00977711374434875
17,2,0.6,right,\LEFT,35,13,0.165,23610.682032682,23610.592615925,-0.000292518518108409
17,2,0.6,right,\LEFT,35,14,0.18,23610.7770429757,23610.6926807638,0.00975115408073179
17,2,0.6,right,\LEFT,35,15,0.195,23610.8720532694,23610.7827318137,-0.000262634723185329
17,2,0.6,right,\LEFT,35,16,0.21,23610.967063563,23610.8828038971,0.00975839864258887
17,2,0.6,right,\LEFT,35,17,0.225,23611.0620738567,23610.9728730585,-0.000244523333094548
17,2,0.6,right,\LEFT,35,18,0.24,23611.1570841504,23611.0729538956,0.00976715248179971
17,2,0.6,right,\LEFT,35,19,0.255,23611.252094444,23611.1630179255,-0.000249654891376849
17,2,0.6,right,\LEFT,35,20,0.27,23611.3471047377,23611.2630725011,0.00974089096052921
17,2,0.6,right,\LEFT,35,21,0.285,23611.4421150313,23611.3531519256,-0.000234260209253989
17,2,0.6,right,\LEFT,35,22,0.3,23611.537125325,23611.4429008172,-0.000564793117519002
17,2,0.6,right,\LEFT,35,23,0.315,23611.6321356187,23611.5432400436,4.6129003749229e-05
17,2,0.6,right,\LEFT,35,24,0.33,23611.7271459123,23611.6333526723,-0.00020105599105591
17,2,0.6,right,\LEFT,35,25,0.345,23611.822156206,23611.7333571398,-0.000288629893475445
17,2,0.6,right,\LEFT,35,26,0.36,23611.9171664997,23611.8234444125,-0.000226411939365789
17,2,0.6,right,\LEFT,35,27,0.375,23612.0121767933,23611.9235228348,-0.000214675044844626
17,2,0.6,right,\LEFT,35,28,0.39,23612.107187087,23612.0135772052,-0.000259314303548308
17,2,0.6,right,\LEFT,35,29,0.405,23612.2021973807,23612.1136586461,-0.000211656479223166
17,2,0.6,right,\LEFT,35,30,0.42,23612.2972076743,23612.2036912829,-0.000281047970929649
17,2,0.6,right,\LEFT,35,31,0.435,23612.392217968,23612.3037657811,-0.000218599179788725
17,2,0.6,right,\LEFT,35,32,0.45,23612.4872282616,23612.3937818157,-0.000297650083666667
17,2,0.6,right,\LEFT,35,33,0.465,23612.5822385553,23612.4938904237,-0.000184489388630027
17,2,0.6,right,\LEFT,35,34,0.48,23612.677248849,23612.5939262842,0.00972217585513135
17,2,0.6,right,\LEFT,35,35,0.495,23612.7722591426,23612.6839809565,-0.000259012445894768
17,2,0.6,right,\LEFT,35,36,0.51,23612.8672694363,23612.7740697385,-0.00022490265473607
17,2,0.6,right,\LEFT,35,37,0.525,23612.96227973,23612.8741357847,-0.000227051161346026
17,2,0.6,right,\LEFT,35,38,0.54,23613.0572900236,23612.96417144,-0.000278029408946168
17,2,0.6,right,\LEFT,35,39,0.555,23613.1523003173,23613.0642595218,-0.000205015636311146
17,2,0.6,right,\LEFT,35,40,0.57,23613.2473106109,23613.1543253627,-0.000247843752731569
17,2,0.6,right,\LEFT,35,41,0.585,23613.3423209046,23613.2543572991,-0.000261160952504724
17,2,0.6,right,\LEFT,35,42,0.6,23613.4373311983,23613.3444164992,-0.000254484595643589
17,2,0.6,right,\LEFT,35,43,0.6,23613.5323414919,23613.4445238998,-0.000185696815606207
17,2,0.6,right,\LEFT,35,44,0.6,23613.6273517856,23613.5345661959,-0.000271388562396169
17,2,0.6,right,\LEFT,35,45,0.6,23613.7223620793,23613.6346485424,-0.000210750909900526
17,2,0.6,right,\LEFT,35,46,0.6,23613.8173723729,NaN,NaN
17,2,0.6,right,\LEFT,35,47,0.6,23613.9123826666,NaN,NaN
17,2,0.6,right,\LEFT,35,48,0.6,23614.0073929602,NaN,NaN
17,2,0.6,right,\LEFT,35,49,0.6,23614.1024032539,NaN,NaN
17,2,0.6,right,\LEFT,35,50,0.6,23614.1974135476,NaN,NaN
17,2,0.6,right,\LEFT,35,51,0.6,23614.2924238412,NaN,NaN
17,2,0.6,right,\LEFT,35,52,0.6,23614.3874341349,NaN,NaN
17,2,0.6,right,\LEFT,35,53,0.6,23614.4824444286,NaN,NaN
17,2,0.6,right,\LEFT,35,54,0.6,23614.5774547222,NaN,NaN
17,2,0.6,right,\LEFT,35,55,0.6,23614.6724650159,NaN,NaN
17,2,0.6,right,\LEFT,35,56,0.6,23614.7674753096,NaN,NaN
17,2,0.6,right,\LEFT,35,57,0.6,23614.8624856032,NaN,NaN
17,2,0.6,right,\LEFT,35,58,0.6,23614.9574958969,NaN,NaN
17,2,0.6,right,\LEFT,35,59,0.6,23615.0525061905,NaN,NaN
17,2,0.6,right,\LEFT,35,60,0.6,23615.1475164842,NaN,NaN
17,2,0.6,right,\LEFT,35,61,0.6,23615.2425267779,NaN,NaN
17,2,0.6,right,\LEFT,35,62,0.6,23615.3375370715,NaN,NaN
17,2,0.6,right,\LEFT,35,63,0.6,23615.4325473652,NaN,NaN
17,2,0.6,right,\LEFT,35,64,0.6,23615.5275576589,NaN,NaN
17,2,0.6,right,\LEFT,35,65,0.6,23615.6225679525,NaN,NaN
17,2,0.6,right,\LEFT,35,66,0.6,23615.7175782462,NaN,NaN
17,2,0.6,right,\LEFT,35,67,0.6,23615.8125885398,NaN,NaN
17,2,0.6,right,\LEFT,35,68,0.6,23615.9075988335,NaN,NaN
17,2,0.6,right,\LEFT,35,69,0.6,23616.0026091272,NaN,NaN
17,2,0.6,right,\LEFT,35,70,0.6,23616.0976194208,NaN,NaN
17,2,0.6,right,\LEFT,35,71,0.6,23616.1926297145,NaN,NaN
17,2,0.6,right,\LEFT,35,72,0.6,23616.2876400082,NaN,NaN
17,2,0.6,right,\LEFT,35,73,0.6,23616.3826503018,NaN,NaN
17,2,0.6,right,\LEFT,35,74,0.6,23616.4776605955,NaN,NaN
17,2,0.6,right,\LEFT,35,75,0.6,23616.5726708892,NaN,NaN
17,2,0.6,right,\LEFT,35,76,0.6,23616.6676811828,NaN,NaN
17,2,0.6,right,\LEFT,35,77,0.6,23616.7626914765,NaN,NaN
17,2,0.6,right,\LEFT,35,78,0.6,23616.8577017701,NaN,NaN
17,2,0.6,right,\LEFT,35,79,0.6,23616.9527120638,NaN,NaN
17,2,0.6,right,\LEFT,35,80,0.6,23617.0477223575,NaN,NaN
17,2,0.6,right,\LEFT,35,81,0.6,23617.1427326511,NaN,NaN
17,2,0.6,right,\LEFT,35,82,0.6,23617.2377429448,NaN,NaN
17,2,0.6,right,\LEFT,35,83,0.6,23617.3327532385,NaN,NaN
17,2,0.6,right,\LEFT,35,84,0.6,23617.4277635321,NaN,NaN
17,2,0.6,right,\LEFT,35,85,0.6,23617.5227738258,NaN,NaN
17,2,0.6,right,\LEFT,35,86,0.6,23617.6177841194,NaN,NaN
17,2,0.6,right,\LEFT,35,87,0.6,23617.7127944131,NaN,NaN
17,2,0.6,right,\LEFT,35,88,0.6,23617.8078047068,NaN,NaN
17,2,0.6,right,\LEFT,35,89,0.6,23617.9028150004,NaN,NaN
17,2,0.6,right,\LEFT,35,90,0.6,23617.9978252941,NaN,NaN
17,2,0.6,right,\LEFT,35,91,0.6,23618.0928355878,NaN,NaN
17,2,0.6,right,\LEFT,35,92,0.6,23618.1878458814,NaN,NaN
17,2,0.6,right,\LEFT,35,93,0.6,23618.2828561751,NaN,NaN
17,2,0.6,right,\LEFT,35,94,0.6,23618.3778664688,NaN,NaN
17,2,0.6,right,\LEFT,35,95,0.6,23618.4728767624,NaN,NaN
17,2,0.6,right,\LEFT,35,96,0.6,23618.5678870561,NaN,NaN
17,2,0.6,right,\LEFT,35,97,0.6,23618.6628973497,NaN,NaN
17,2,0.6,right,\LEFT,35,98,0.6,23618.7579076434,NaN,NaN
17,2,0.6,right,\LEFT,35,99,0.6,23618.8529179371,NaN,NaN
17,2,0.6,right,\LEFT,35,100,0.6,23618.9479282307,NaN,NaN
17,2,0.6,right,\LEFT,35,101,0.6,23619.0429385244,NaN,NaN
17,2,0.6,right,\LEFT,35,102,0.6,23619.1379488181,NaN,NaN
17,2,0.6,right,\LEFT,35,103,0.6,23619.2329591117,NaN,NaN
17,2,0.6,right,\LEFT,35,104,0.6,23619.3279694054,NaN,NaN
17,2,0.6,right,\LEFT,35,105,0.6,23619.422979699,NaN,NaN
17,2,0.6,right,\LEFT,35,106,0.6,23619.5179899927,NaN,NaN
17,2,0.6,right,\LEFT,35,107,0.6,23619.6130002864,NaN,NaN
17,2,0.6,right,\LEFT,35,108,0.6,23619.70801058,NaN,NaN
17,2,0.6,right,\LEFT,35,109,0.6,23619.8030208737,NaN,NaN
17,2,0.6,right,\LEFT,35,110,0.6,23619.8980311674,NaN,NaN
17,2,0.6,right,\LEFT,35,111,0.6,23619.993041461,NaN,NaN
17,2,0.6,right,\LEFT,35,112,0.6,23620.0880517547,NaN,NaN
17,2,0.6,right,\LEFT,35,113,0.6,23620.1830620483,NaN,NaN
17,2,0.6,right,\LEFT,35,114,0.6,23620.278072342,NaN,NaN
17,2,0.6,right,\LEFT,35,115,0.6,23620.3730826357,NaN,NaN
17,2,0.6,right,\LEFT,35,116,0.6,23620.4680929293,NaN,NaN
17,2,0.6,right,\LEFT,35,117,0.6,23620.563103223,NaN,NaN
17,2,0.6,right,\LEFT,35,118,0.6,23620.6581135167,NaN,NaN
17,2,0.6,right,\LEFT,35,119,0.6,23620.7531238103,NaN,NaN
17,2,0.6,right,\LEFT,35,120,0.6,23620.848134104,NaN,NaN
17,2,0.6,right,\LEFT,35,121,0.6,23620.9431443977,NaN,NaN
17,2,0.6,right,\LEFT,35,122,0.6,23621.0381546913,NaN,NaN
17,2,0.6,right,\LEFT,35,123,0.6,23621.133164985,NaN,NaN
17,2,0.6,right,\LEFT,35,124,0.6,23621.2281752786,NaN,NaN
17,2,0.6,right,\LEFT,35,125,0.6,23621.3231855723,NaN,NaN
17,2,0.6,right,\LEFT,35,126,0.6,23621.418195866,NaN,NaN
17,2,0.6,right,\LEFT,35,127,0.6,23621.5132061596,NaN,NaN
17,2,0.6,right,\LEFT,35,128,0.6,23621.6082164533,NaN,NaN
17,2,0.6,right,\LEFT,35,129,0.6,23621.703226747,NaN,NaN
17,2,0.6,right,\LEFT,35,130,0.6,23621.7982370406,NaN,NaN
17,2,0.6,right,\LEFT,35,131,0.6,23621.8932473343,NaN,NaN
17,2,0.6,right,\LEFT,35,132,0.6,23621.9882576279,NaN,NaN
17,2,0.6,right,\LEFT,35,133,0.6,23622.0832679216,NaN,NaN
17,2,0.6,right,\LEFT,35,134,0.6,23622.1782782153,NaN,NaN
17,2,0.6,right,\LEFT,35,135,0.6,23622.2732885089,NaN,NaN
17,2,0.6,right,\LEFT,35,136,0.6,23622.3682988026,NaN,NaN
17,2,0.6,right,\LEFT,35,137,0.6,23622.4633090963,NaN,NaN
17,2,0.6,right,\LEFT,35,138,0.6,23622.5583193899,NaN,NaN
17,2,0.6,right,\LEFT,35,139,0.6,23622.6533296836,NaN,NaN
17,2,0.6,right,\LEFT,35,140,0.6,23622.7483399773,NaN,NaN
17,2,0.6,right,\LEFT,35,141,0.6,23622.8433502709,NaN,NaN
17,2,0.6,right,\LEFT,35,142,0.6,23622.9383605646,NaN,NaN
17,2,0.6,right,\LEFT,35,143,0.6,23623.0333708582,NaN,NaN
17,2,0.6,right,\LEFT,35,144,0.6,23623.1283811519,NaN,NaN
17,2,0.6,right,\LEFT,35,145,0.6,23623.2233914456,NaN,NaN
17,2,0.6,right,\LEFT,35,146,0.6,23623.3184017392,NaN,NaN
17,2,0.6,right,\LEFT,35,147,0.6,23623.4134120329,NaN,NaN
17,2,0.6,right,\LEFT,35,148,0.6,23623.5084223266,NaN,NaN
17,2,0.6,right,\LEFT,35,149,0.6,23623.6034326202,NaN,NaN
17,2,0.6,right,\LEFT,35,150,0.6,23623.6984429139,NaN,NaN
17,2,0.6,right,\LEFT,35,151,0.6,23623.7934532075,NaN,NaN
17,2,0.6,right,\LEFT,35,152,0.6,23623.8884635012,NaN,NaN
17,2,0.6,right,\LEFT,35,153,0.6,23623.9834737949,NaN,NaN
17,2,0.6,right,\LEFT,35,154,0.6,23624.0784840885,NaN,NaN
17,2,0.6,right,\LEFT,35,155,0.6,23624.1734943822,NaN,NaN
17,2,0.6,right,\LEFT,35,156,0.6,23624.2685046759,NaN,NaN
17,2,0.6,right,\LEFT,35,157,0.6,23624.3635149695,NaN,NaN
17,2,0.6,right,\LEFT,35,158,0.6,23624.4585252632,NaN,NaN
17,2,0.6,right,\LEFT,35,159,0.6,23624.5535355569,NaN,NaN
17,2,0.6,right,\LEFT,35,160,0.6,23624.6485458505,NaN,NaN
17,2,0.6,right,\LEFT,35,161,0.6,23624.7435561442,NaN,NaN
17,2,0.6,right,\LEFT,35,162,0.6,23624.8385664378,NaN,NaN
17,2,0.6,right,\LEFT,35,163,0.6,23624.9335767315,NaN,NaN
17,2,0.6,right,\LEFT,35,164,0.6,23625.0285870252,NaN,NaN
17,2,0.6,right,\LEFT,35,165,0.6,23625.1235973188,NaN,NaN
17,2,0.6,right,\LEFT,35,166,0.6,23625.2186076125,NaN,NaN
17,2,0.6,right,\LEFT,35,167,0.6,23625.3136179062,NaN,NaN
17,2,0.6,right,\LEFT,35,168,0.6,23625.4086281998,NaN,NaN
17,2,0.6,right,\LEFT,35,169,0.6,23625.5036384935,NaN,NaN
17,2,0.6,right,\LEFT,35,170,0.6,23625.5986487871,NaN,NaN
17,2,0.6,right,\LEFT,35,171,0.6,23625.6936590808,NaN,NaN
17,2,0.6,right,\LEFT,35,172,0.6,23625.7886693745,NaN,NaN
17,2,0.6,right,\LEFT,35,173,0.6,23625.8836796681,NaN,NaN
17,2,0.6,right,\LEFT,35,174,0.6,23625.9786899618,NaN,NaN
17,2,0.6,right,\LEFT,35,175,0.6,23626.0737002555,NaN,NaN
17,2,0.6,right,\LEFT,35,176,0.6,23626.1687105491,NaN,NaN
17,2,0.6,right,\LEFT,35,177,0.6,23626.2637208428,NaN,NaN
17,2,0.6,right,\LEFT,35,178,0.6,23626.3587311365,NaN,NaN
17,2,0.6,right,\LEFT,35,179,0.6,23626.4537414301,NaN,NaN
17,2,0.6,right,\LEFT,35,180,0.6,23626.5487517238,NaN,NaN
17,2,0.6,right,\LEFT,35,181,0.6,23626.6437620174,NaN,NaN
17,2,0.6,right,\LEFT,35,182,0.6,23626.7387723111,NaN,NaN
17,2,0.6,right,\LEFT,35,183,0.6,23626.8337826048,NaN,NaN
17,2,0.6,right,\LEFT,35,184,0.6,23626.9287928984,NaN,NaN
17,2,0.6,right,\LEFT,35,185,0.6,23627.0238031921,NaN,NaN
17,2,0.6,right,\LEFT,35,186,0.6,23627.1188134858,NaN,NaN
17,2,0.6,right,\LEFT,35,187,0.6,23627.2138237794,NaN,NaN
17,2,0.6,right,\LEFT,35,188,0.6,23627.3088340731,NaN,NaN
17,2,0.6,right,\LEFT,35,189,0.6,23627.4038443667,NaN,NaN
17,2,0.6,right,\LEFT,35,190,0.6,23627.4988546604,NaN,NaN
17,2,0.6,right,\LEFT,35,191,0.6,23627.5938649541,NaN,NaN
17,2,0.6,right,\LEFT,35,192,0.6,23627.6888752477,NaN,NaN
17,2,0.6,right,\LEFT,35,193,0.6,23627.7838855414,NaN,NaN
17,2,0.6,right,\LEFT,35,194,0.6,23627.8788958351,NaN,NaN
17,2,0.6,right,\LEFT,35,195,0.6,23627.9739061287,NaN,NaN
17,2,0.6,right,\LEFT,35,196,0.6,23628.0689164224,NaN,NaN
17,2,0.6,right,\LEFT,35,197,0.6,23628.1639267161,NaN,NaN
17,2,0.6,right,\LEFT,35,198,0.6,23628.2589370097,NaN,NaN
17,2,0.6,right,\LEFT,35,199,0.6,23628.3539473034,NaN,NaN
17,2,0.6,right,\LEFT,35,200,0.6,23628.448957597,NaN,NaN
17,2,0.6,right,\LEFT,35,201,0.6,23628.5439678907,NaN,NaN
17,2,0.6,right,\LEFT,35,202,0.6,23628.6389781844,NaN,NaN
17,3,0.6,right,\RIGHT,36,1,0,23614.8354260041,23614.8354260041,-0.000472744628496002
17,3,0.6,right,\RIGHT,36,2,0,23614.9304362978,23614.8854904203,0.039586032879015
17,3,0.6,right,\RIGHT,36,3,0,23615.0254465914,23614.9354703166,-0.000416137649153825
17,3,0.6,right,\RIGHT,36,4,0.015,23615.1204568851,23615.0355239867,-0.000239427281485405
17,3,0.6,right,\RIGHT,36,5,0.03,23615.2154671787,23615.125626956,-0.00021071539958939
17,3,0.6,right,\RIGHT,36,6,0.045,23615.3104774724,23615.2256800224,-0.000240030993154505
17,3,0.6,right,\RIGHT,36,7,0.06,23615.4054877661,23615.3157669933,-0.00022671379338135
17,3,0.6,right,\RIGHT,36,8,0.075,23615.5004980597,23615.4157738756,0.00969319762589294
17,3,0.6,right,\RIGHT,36,9,0.09,23615.5955083534,23615.5058285479,-0.00025901244225679
17,3,0.6,right,\RIGHT,36,10,0.105,23615.6905186471,23615.6059335336,0.00979130100313341
17,3,0.6,right,\RIGHT,36,11,0.12,23615.7855289407,23615.6959912244,-0.000255993880273309
17,3,0.6,right,\RIGHT,36,12,0.135,23615.8805392344,23615.7960566669,0.00975175779603887
17,3,0.6,right,\RIGHT,36,13,0.15,23615.9755495281,23615.8861098299,-0.000260521726886509
17,3,0.6,right,\RIGHT,36,14,0.165,23616.0705598217,23615.9861776872,0.00975417264999123
17,3,0.6,right,\RIGHT,36,15,0.18,23616.1655701154,23616.0762054943,-0.000285877678834368
17,3,0.6,right,\RIGHT,36,16,0.195,23616.260580409,23616.1763068577,0.00978767872584285
17,3,0.6,right,\RIGHT,36,17,0.21,23616.3555907027,23616.2663711894,-0.000249353037361288
17,3,0.6,right,\RIGHT,36,18,0.225,23616.4506009964,23616.3664007109,0.00971583686987287
17,3,0.6,right,\RIGHT,36,19,0.24,23616.54561129,23616.4564928134,-0.000221582235099049
17,3,0.6,right,\RIGHT,36,20,0.255,23616.6406215837,23616.5565525206,0.00974602252244949
17,3,0.6,right,\RIGHT,36,21,0.27,23616.7356318774,23616.6466256061,-0.00024059919451247
17,3,0.6,right,\RIGHT,36,22,0.285,23616.830642171,23616.7366772598,-0.000262031011516228
17,3,0.6,right,\RIGHT,36,23,0.3,23616.9256524647,23616.836747532,-0.000222825172386365
17,3,0.6,right,\RIGHT,36,24,0.315,23617.0206627583,23616.9267994876,-0.00026172915022471
17,3,0.6,right,\RIGHT,36,25,0.33,23617.115673052,23617.0268235757,-0.000269009222392924
17,3,0.6,right,\RIGHT,36,26,0.345,23617.2106833457,23617.1168993779,-0.000237882486544549
17,3,0.6,right,\RIGHT,36,27,0.36,23617.3056936393,23617.2169913838,-0.000201091501367046
17,3,0.6,right,\RIGHT,36,28,0.375,23617.400703933,23617.3070487728,-0.000256295737926848
17,3,0.6,right,\RIGHT,36,29,0.39,23617.4957142267,23617.4070834259,-0.000258444240898825
17,3,0.6,right,\RIGHT,36,30,0.405,23617.5907245203,23617.4971444371,-0.000252673456998309
17,3,0.6,right,\RIGHT,36,31,0.42,23617.685734814,23617.5972458006,-0.000191733950487105
17,3,0.6,right,\RIGHT,36,32,0.435,23617.7807451077,23617.687300171,-0.000259314299910329
17,3,0.6,right,\RIGHT,36,33,0.45,23617.8757554013,23617.7873610856,-0.000232182723266305
17,3,0.6,right,\RIGHT,36,34,0.465,23617.970765695,23617.8771253719,-0.000549398435396142
17,3,0.6,right,\RIGHT,36,35,0.48,23618.0657759886,23617.9774724465,5.39772736374289e-05
17,3,0.6,right,\RIGHT,36,36,0.495,23618.1607862823,23618.0775620376,0.00977590632101055
17,3,0.6,right,\RIGHT,36,37,0.51,23618.255796576,23618.1676115783,-0.000264144007815048
17,3,0.6,right,\RIGHT,36,38,0.525,23618.3508068696,23618.2573393399,-0.000585923076869221
17,3,0.6,right,\RIGHT,36,39,0.54,23618.4458171633,23618.3577313911,9.89539003057871e-05
17,3,0.6,right,\RIGHT,36,40,0.555,23618.540827457,23618.447483905,-0.000561170840228442
17,3,0.6,right,\RIGHT,36,41,0.57,23618.6358377506,23618.5478376205,6.06181201874278e-05
17,3,0.6,right,\RIGHT,36,42,0.585,23618.7308480443,23618.6376405444,-0.000510760801262222
17,3,0.6,right,\RIGHT,36,43,0.6,23618.8258583379,23618.7379999952,6.63533937768079e-05
17,3,0.6,right,\RIGHT,36,44,0.6,23618.9208686316,23618.8280504414,-0.000263238434854429
17,3,0.6,right,\RIGHT,36,45,0.6,23619.0158789253,23618.9281189025,-0.000224636311031645
17,3,0.6,right,\RIGHT,36,46,0.6,23619.1108892189,23619.0181711599,-0.000261427296209149
17,3,0.6,right,\RIGHT,36,47,0.6,23619.2058995126,23619.1182275467,-0.000236710573517485
17,3,0.6,right,\RIGHT,36,48,0.6,23619.3009098063,23619.2083000285,-0.000241202909819549
17,3,0.6,right,\RIGHT,36,49,0.6,23619.3959200999,23619.3083585283,-0.000234597577218665
17,3,0.6,right,\RIGHT,36,50,0.6,23619.4909303936,23619.3984180303,-0.00025418273799005
17,3,0.6,right,\RIGHT,36,51,0.6,23619.5859406872,23619.4984517778,-0.000259349813859444
17,3,0.6,right,\RIGHT,36,52,0.6,23619.6809509809,23619.5885130909,-0.000252371599344769
17,3,0.6,right,\RIGHT,36,53,0.6,23619.7759612746,23619.6886126432,-0.000193545089132385
17,3,0.6,right,\RIGHT,36,54,0.6,23619.8709715682,23619.7786274704,-0.000298857507004868
17,3,0.6,right,\RIGHT,36,55,0.6,23619.9659818619,23619.8787360784,-0.000184489392268006
17,3,0.6,right,\RIGHT,36,56,0.6,23620.0609921556,NaN,NaN
17,3,0.6,right,\RIGHT,36,57,0.6,23620.1560024492,NaN,NaN
17,3,0.6,right,\RIGHT,36,58,0.6,23620.2510127429,NaN,NaN
17,3,0.6,right,\RIGHT,36,59,0.6,23620.3460230366,NaN,NaN
17,3,0.6,right,\RIGHT,36,60,0.6,23620.4410333302,NaN,NaN
17,3,0.6,right,\RIGHT,36,61,0.6,23620.5360436239,NaN,NaN
17,3,0.6,right,\RIGHT,36,62,0.6,23620.6310539175,NaN,NaN
17,3,0.6,right,\RIGHT,36,63,0.6,23620.7260642112,NaN,NaN
17,3,0.6,right,\RIGHT,36,64,0.6,23620.8210745049,NaN,NaN
17,3,0.6,right,\RIGHT,36,65,0.6,23620.9160847985,NaN,NaN
17,3,0.6,right,\RIGHT,36,66,0.6,23621.0110950922,NaN,NaN
17,3,0.6,right,\RIGHT,36,67,0.6,23621.1061053859,NaN,NaN
17,3,0.6,right,\RIGHT,36,68,0.6,23621.2011156795,NaN,NaN
17,3,0.6,right,\RIGHT,36,69,0.6,23621.2961259732,NaN,NaN
17,3,0.6,right,\RIGHT,36,70,0.6,23621.3911362668,NaN,NaN
17,3,0.6,right,\RIGHT,36,71,0.6,23621.4861465605,NaN,NaN
17,3,0.6,right,\RIGHT,36,72,0.6,23621.5811568542,NaN,NaN
17,3,0.6,right,\RIGHT,36,73,0.6,23621.6761671478,NaN,NaN
17,3,0.6,right,\RIGHT,36,74,0.6,23621.7711774415,NaN,NaN
17,3,0.6,right,\RIGHT,36,75,0.6,23621.8661877352,NaN,NaN
17,3,0.6,right,\RIGHT,36,76,0.6,23621.9611980288,NaN,NaN
17,3,0.6,right,\RIGHT,36,77,0.6,23622.0562083225,NaN,NaN
17,3,0.6,right,\RIGHT,36,78,0.6,23622.1512186162,NaN,NaN
17,3,0.6,right,\RIGHT,36,79,0.6,23622.2462289098,NaN,NaN
17,3,0.6,right,\RIGHT,36,80,0.6,23622.3412392035,NaN,NaN
17,3,0.6,right,\RIGHT,36,81,0.6,23622.4362494971,NaN,NaN
17,3,0.6,right,\RIGHT,36,82,0.6,23622.5312597908,NaN,NaN
17,3,0.6,right,\RIGHT,36,83,0.6,23622.6262700845,NaN,NaN
17,3,0.6,right,\RIGHT,36,84,0.6,23622.7212803781,NaN,NaN
17,3,0.6,right,\RIGHT,36,85,0.6,23622.8162906718,NaN,NaN
17,3,0.6,right,\RIGHT,36,86,0.6,23622.9113009655,NaN,NaN
17,3,0.6,right,\RIGHT,36,87,0.6,23623.0063112591,NaN,NaN
17,3,0.6,right,\RIGHT,36,88,0.6,23623.1013215528,NaN,NaN
17,3,0.6,right,\RIGHT,36,89,0.6,23623.1963318464,NaN,NaN
17,3,0.6,right,\RIGHT,36,90,0.6,23623.2913421401,NaN,NaN
17,3,0.6,right,\RIGHT,36,91,0.6,23623.3863524338,NaN,NaN
17,3,0.6,right,\RIGHT,36,92,0.6,23623.4813627274,NaN,NaN
17,3,0.6,right,\RIGHT,36,93,0.6,23623.5763730211,NaN,NaN
17,3,0.6,right,\RIGHT,36,94,0.6,23623.6713833148,NaN,NaN
17,3,0.6,right,\RIGHT,36,95,0.6,23623.7663936084,NaN,NaN
17,3,0.6,right,\RIGHT,36,96,0.6,23623.8614039021,NaN,NaN
17,3,0.6,right,\RIGHT,36,97,0.6,23623.9564141957,NaN,NaN
17,3,0.6,right,\RIGHT,36,98,0.6,23624.0514244894,NaN,NaN
17,3,0.6,right,\RIGHT,36,99,0.6,23624.1464347831,NaN,NaN
17,3,0.6,right,\RIGHT,36,100,0.6,23624.2414450767,NaN,NaN
17,3,0.6,right,\RIGHT,36,101,0.6,23624.3364553704,NaN,NaN
17,3,0.6,right,\RIGHT,36,102,0.6,23624.4314656641,NaN,NaN
17,3,0.6,right,\RIGHT,36,103,0.6,23624.5264759577,NaN,NaN
17,3,0.6,right,\RIGHT,36,104,0.6,23624.6214862514,NaN,NaN
17,3,0.6,right,\RIGHT,36,105,0.6,23624.7164965451,NaN,NaN
17,3,0.6,right,\RIGHT,36,106,0.6,23624.8115068387,NaN,NaN
17,3,0.6,right,\RIGHT,36,107,0.6,23624.9065171324,NaN,NaN
17,3,0.6,right,\RIGHT,36,108,0.6,23625.001527426,NaN,NaN
17,3,0.6,right,\RIGHT,36,109,0.6,23625.0965377197,NaN,NaN
17,3,0.6,right,\RIGHT,36,110,0.6,23625.1915480134,NaN,NaN
17,3,0.6,right,\RIGHT,36,111,0.6,23625.286558307,NaN,NaN
17,3,0.6,right,\RIGHT,36,112,0.6,23625.3815686007,NaN,NaN
17,3,0.6,right,\RIGHT,36,113,0.6,23625.4765788944,NaN,NaN
17,3,0.6,right,\RIGHT,36,114,0.6,23625.571589188,NaN,NaN
17,3,0.6,right,\RIGHT,36,115,0.6,23625.6665994817,NaN,NaN
17,3,0.6,right,\RIGHT,36,116,0.6,23625.7616097753,NaN,NaN
17,3,0.6,right,\RIGHT,36,117,0.6,23625.856620069,NaN,NaN
17,3,0.6,right,\RIGHT,36,118,0.6,23625.9516303627,NaN,NaN
17,3,0.6,right,\RIGHT,36,119,0.6,23626.0466406563,NaN,NaN
17,3,0.6,right,\RIGHT,36,120,0.6,23626.14165095,NaN,NaN
17,3,0.6,right,\RIGHT,36,121,0.6,23626.2366612437,NaN,NaN
17,3,0.6,right,\RIGHT,36,122,0.6,23626.3316715373,NaN,NaN
17,3,0.6,right,\RIGHT,36,123,0.6,23626.426681831,NaN,NaN
17,3,0.6,right,\RIGHT,36,124,0.6,23626.5216921247,NaN,NaN
17,3,0.6,right,\RIGHT,36,125,0.6,23626.6167024183,NaN,NaN
17,3,0.6,right,\RIGHT,36,126,0.6,23626.711712712,NaN,NaN
17,3,0.6,right,\RIGHT,36,127,0.6,23626.8067230056,NaN,NaN
17,3,0.6,right,\RIGHT,36,128,0.6,23626.9017332993,NaN,NaN
17,3,0.6,right,\RIGHT,36,129,0.6,23626.996743593,NaN,NaN
17,3,0.6,right,\RIGHT,36,130,0.6,23627.0917538866,NaN,NaN
17,3,0.6,right,\RIGHT,36,131,0.6,23627.1867641803,NaN,NaN
17,3,0.6,right,\RIGHT,36,132,0.6,23627.281774474,NaN,NaN
17,3,0.6,right,\RIGHT,36,133,0.6,23627.3767847676,NaN,NaN
17,3,0.6,right,\RIGHT,36,134,0.6,23627.4717950613,NaN,NaN
17,3,0.6,right,\RIGHT,36,135,0.6,23627.5668053549,NaN,NaN
17,3,0.6,right,\RIGHT,36,136,0.6,23627.6618156486,NaN,NaN
17,3,0.6,right,\RIGHT,36,137,0.6,23627.7568259423,NaN,NaN
17,3,0.6,right,\RIGHT,36,138,0.6,23627.8518362359,NaN,NaN
17,3,0.6,right,\RIGHT,36,139,0.6,23627.9468465296,NaN,NaN
17,3,0.6,right,\RIGHT,36,140,0.6,23628.0418568233,NaN,NaN
17,3,0.6,right,\RIGHT,36,141,0.6,23628.1368671169,NaN,NaN
17,3,0.6,right,\RIGHT,36,142,0.6,23628.2318774106,NaN,NaN
17,3,0.6,right,\RIGHT,36,143,0.6,23628.3268877043,NaN,NaN
17,3,0.6,right,\RIGHT,36,144,0.6,23628.4218979979,NaN,NaN
17,3,0.6,right,\RIGHT,36,145,0.6,23628.5169082916,NaN,NaN
17,3,0.6,right,\RIGHT,36,146,0.6,23628.6119185852,NaN,NaN
17,3,0.6,right,\RIGHT,36,147,0.6,23628.7069288789,NaN,NaN
17,3,0.6,right,\RIGHT,36,148,0.6,23628.8019391726,NaN,NaN
17,3,0.6,right,\RIGHT,36,149,0.6,23628.8969494662,NaN,NaN
17,3,0.6,right,\RIGHT,36,150,0.6,23628.9919597599,NaN,NaN
17,3,0.6,right,\RIGHT,36,151,0.6,23629.0869700536,NaN,NaN
17,3,0.6,right,\RIGHT,36,152,0.6,23629.1819803472,NaN,NaN
17,3,0.6,right,\RIGHT,36,153,0.6,23629.2769906409,NaN,NaN
17,3,0.6,right,\RIGHT,36,154,0.6,23629.3720009345,NaN,NaN
17,3,0.6,right,\RIGHT,36,155,0.6,23629.4670112282,NaN,NaN
17,3,0.6,right,\RIGHT,36,156,0.6,23629.5620215219,NaN,NaN
17,3,0.6,right,\RIGHT,36,157,0.6,23629.6570318155,NaN,NaN
17,3,0.6,right,\RIGHT,36,158,0.6,23629.7520421092,NaN,NaN
17,3,0.6,right,\RIGHT,36,159,0.6,23629.8470524029,NaN,NaN
17,3,0.6,right,\RIGHT,36,160,0.6,23629.9420626965,NaN,NaN
17,3,0.6,right,\RIGHT,36,161,0.6,23630.0370729902,NaN,NaN
17,3,0.6,right,\RIGHT,36,162,0.6,23630.1320832839,NaN,NaN
17,3,0.6,right,\RIGHT,36,163,0.6,23630.2270935775,NaN,NaN
17,3,0.6,right,\RIGHT,36,164,0.6,23630.3221038712,NaN,NaN
17,3,0.6,right,\RIGHT,36,165,0.6,23630.4171141648,NaN,NaN
17,3,0.6,right,\RIGHT,36,166,0.6,23630.5121244585,NaN,NaN
17,3,0.6,right,\RIGHT,36,167,0.6,23630.6071347522,NaN,NaN
17,3,0.6,right,\RIGHT,36,168,0.6,23630.7021450458,NaN,NaN
17,3,0.6,right,\RIGHT,36,169,0.6,23630.7971553395,NaN,NaN
17,3,0.6,right,\RIGHT,36,170,0.6,23630.8921656332,NaN,NaN
17,3,0.6,right,\RIGHT,36,171,0.6,23630.9871759268,NaN,NaN
17,3,0.6,right,\RIGHT,36,172,0.6,23631.0821862205,NaN,NaN
17,3,0.6,right,\RIGHT,36,173,0.6,23631.1771965141,NaN,NaN
17,3,0.6,right,\RIGHT,36,174,0.6,23631.2722068078,NaN,NaN
17,3,0.6,right,\RIGHT,36,175,0.6,23631.3672171015,NaN,NaN
17,3,0.6,right,\RIGHT,36,176,0.6,23631.4622273951,NaN,NaN
17,3,0.6,right,\RIGHT,36,177,0.6,23631.5572376888,NaN,NaN
17,3,0.6,right,\RIGHT,36,178,0.6,23631.6522479825,NaN,NaN
17,3,0.6,right,\RIGHT,36,179,0.6,23631.7472582761,NaN,NaN
17,3,0.6,right,\RIGHT,36,180,0.6,23631.8422685698,NaN,NaN
17,3,0.6,right,\RIGHT,36,181,0.6,23631.9372788635,NaN,NaN
17,3,0.6,right,\RIGHT,36,182,0.6,23632.0322891571,NaN,NaN
17,3,0.6,right,\RIGHT,36,183,0.6,23632.1272994508,NaN,NaN
17,3,0.6,right,\RIGHT,36,184,0.6,23632.2223097444,NaN,NaN
17,3,0.6,right,\RIGHT,36,185,0.6,23632.3173200381,NaN,NaN
17,3,0.6,right,\RIGHT,36,186,0.6,23632.4123303318,NaN,NaN
17,3,0.6,right,\RIGHT,36,187,0.6,23632.5073406254,NaN,NaN
17,3,0.6,right,\RIGHT,36,188,0.6,23632.6023509191,NaN,NaN
17,3,0.6,right,\RIGHT,36,189,0.6,23632.6973612128,NaN,NaN
17,3,0.6,right,\RIGHT,36,190,0.6,23632.7923715064,NaN,NaN
17,3,0.6,right,\RIGHT,36,191,0.6,23632.8873818001,NaN,NaN
17,3,0.6,right,\RIGHT,36,192,0.6,23632.9823920937,NaN,NaN
17,3,0.6,right,\RIGHT,36,193,0.6,23633.0774023874,NaN,NaN
17,3,0.6,right,\RIGHT,36,194,0.6,23633.1724126811,NaN,NaN
17,3,0.6,right,\RIGHT,36,195,0.6,23633.2674229747,NaN,NaN
17,3,0.6,right,\RIGHT,36,196,0.6,23633.3624332684,NaN,NaN
17,3,0.6,right,\RIGHT,36,197,0.6,23633.4574435621,NaN,NaN
17,3,0.6,right,\RIGHT,36,198,0.6,23633.5524538557,NaN,NaN
17,3,0.6,right,\RIGHT,36,199,0.6,23633.6474641494,NaN,NaN
17,3,0.6,right,\RIGHT,36,200,0.6,23633.742474443,NaN,NaN
17,3,0.6,right,\RIGHT,36,201,0.6,23633.8374847367,NaN,NaN
17,3,0.6,right,\RIGHT,36,202,0.6,23633.9324950304,NaN,NaN
17,2,0.6,right,\LEFT,37,1,0,23621.1295308666,23621.1295308666,-0.000484818890981842
17,2,0.6,right,\LEFT,37,2,0,23621.2245411603,23621.1595649885,0.0195557385559368
17,2,0.6,right,\LEFT,37,3,0.015,23621.319551454,23621.2295929887,-0.000326859139022417
17,2,0.6,right,\LEFT,37,4,0.03,23621.4145617476,23621.3296689962,-0.000217089898796985
17,2,0.6,right,\LEFT,37,5,0.045,23621.5095720413,23621.4197185369,-0.000264144004177069
17,2,0.6,right,\LEFT,37,6,0.06,23621.604582335,23621.5198132595,-0.000198374793399125
17,2,0.6,right,\LEFT,37,7,0.075,23621.6995926286,23621.6098724596,-0.000254484595643589
17,2,0.6,right,\LEFT,37,8,0.09,23621.7946029223,23621.7099360909,0.00974994665739359
17,2,0.6,right,\LEFT,37,9,0.105,23621.8896132159,23621.7999983096,-0.000251466030022129
17,2,0.6,right,\LEFT,37,10,0.12,23621.9846235096,23621.9000857876,0.00977379332107375
17,2,0.6,right,\LEFT,37,11,0.135,23622.0796338033,23621.990138045,-0.000261427296209149
17,2,0.6,right,\LEFT,37,12,0.15,23622.1746440969,23622.0901902058,0.00973847611021483
17,2,0.6,right,\LEFT,37,13,0.165,23622.2696543906,23622.1802418595,-0.000262031011516228
17,2,0.6,right,\LEFT,37,14,0.18,23622.3646646843,23622.2803130373,0.00975749306962825
17,2,0.6,right,\LEFT,37,15,0.195,23622.4596749779,23622.370368917,-0.00025780501528061
17,2,0.6,right,\LEFT,37,16,0.21,23622.5546852716,23622.4704455282,0.00976292648556409
17,2,0.6,right,\LEFT,37,17,0.225,23622.6496955653,23622.5604751463,-0.000284066536551109
17,2,0.6,right,\LEFT,37,18,0.24,23622.7447058589,23622.6605620207,0.00977318960940465
17,2,0.6,right,\LEFT,37,19,0.255,23622.8397161526,23622.7505940537,-0.000281651682598749
17,2,0.6,right,\LEFT,37,20,0.27,23622.9347264462,23622.8506579869,0.00975024851140915
17,2,0.6,right,\LEFT,37,21,0.285,23623.0297367399,23622.9407449578,-0.00022671379338135
17,2,0.6,right,\LEFT,37,22,0.3,23623.1247470336,23623.0305119608,-0.000546681727428222
17,2,0.6,right,\LEFT,37,23,0.315,23623.2197573272,23623.1308496779,4.46197227574885e-05
17,2,0.6,right,\LEFT,37,24,0.33,23623.3147676209,23623.2209227634,-0.00024059919451247
17,2,0.6,right,\LEFT,37,25,0.345,23623.4097779146,23623.3210319751,-0.000183885680598905
17,2,0.6,right,\LEFT,37,26,0.36,23623.5047882082,23623.4110395577,-0.000306102061585989
17,2,0.6,right,\LEFT,37,27,0.375,23623.5997985019,23623.5111379026,-0.000194752516108565
17,2,0.6,right,\LEFT,37,28,0.39,23623.6948087955,23623.6011783876,-0.000273199701041449
17,2,0.6,right,\LEFT,37,29,0.405,23623.7898190892,23623.7012172667,-0.000254218251939164
17,2,0.6,right,\LEFT,37,30,0.42,23623.8848293829,23623.7912788816,-0.000252069745329209
17,2,0.6,right,\LEFT,37,31,0.435,23623.9798396765,23623.8913690764,-0.000202902640012326
17,2,0.6,right,\LEFT,37,32,0.45,23624.0748499702,23623.9814442749,-0.00023848619821365
17,2,0.6,right,\LEFT,37,33,0.465,23624.1698602639,23624.0814964357,-0.000240936562477145
17,2,0.6,right,\LEFT,37,34,0.48,23624.2648705575,23624.181560067,0.00974994665739359
17,2,0.6,right,\LEFT,37,35,0.495,23624.3598808512,23624.271617456,-0.000256295737926848
17,2,0.6,right,\LEFT,37,36,0.51,23624.4548911449,23624.361679071,-0.000252069745329209
17,2,0.6,right,\LEFT,37,37,0.525,23624.5499014385,23624.461703461,-0.000268707364739385
17,2,0.6,right,\LEFT,37,38,0.54,23624.6449117322,23624.5517717168,-0.00024542889877921
17,2,0.6,right,\LEFT,37,39,0.555,23624.7399220258,23624.6518679486,-0.000196865508769406
17,2,0.6,right,\LEFT,37,40,0.57,23624.8349323195,23624.7419150745,-0.000266558858129429
17,2,0.6,right,\LEFT,37,41,0.585,23624.9299426132,23624.8419916857,-0.000216486187127884
17,2,0.6,right,\LEFT,37,42,0.6,23625.0249529068,23624.9320376041,-0.00026776628146763
17,2,0.6,right,\LEFT,37,43,0.6,23625.1199632005,23625.032095802,-0.000234899434872204
17,2,0.6,right,\LEFT,37,44,0.6,23625.2149734942,23625.1221592281,-0.00025025860304595
17,2,0.6,right,\LEFT,37,45,0.6,23625.3099837878,23625.2222473099,-0.000205015636311146
17,2,0.6,right,\LEFT,37,46,0.6,23625.4049940815,23625.3122935301,-0.000267464427452069
17,2,0.6,right,\LEFT,37,47,0.6,23625.5000043751,23625.4123508225,-0.000235805004194845
17,2,0.6,right,\LEFT,37,48,0.6,23625.5950146688,23625.5024257191,-0.00023878805586719
17,2,0.6,right,\LEFT,37,49,0.6,23625.6900249625,23625.6024824078,-0.000236408715863945
17,2,0.6,right,\LEFT,37,50,0.6,23625.7850352561,23625.6925524747,-0.00024361776013393
17,2,0.6,right,\LEFT,37,51,0.6,23625.8800455498,23625.7926170117,-0.000228560445975745
17,2,0.6,right,\LEFT,37,52,0.6,23625.9750558435,23625.8826765136,-0.000254182741628028
17,2,0.6,right,\LEFT,37,53,0.6,23626.0700661371,23625.9827470877,-0.000222523314732825
17,2,0.6,right,\LEFT,37,54,0.6,23626.1650764308,23626.0728062878,-0.000254484595643589
17,2,0.6,right,\LEFT,37,55,0.6,23626.2600867244,23626.1728557319,-0.000243653274083044
17,2,0.6,right,\LEFT,37,56,0.6,23626.3550970181,23626.2729420025,0.00977258589773555
17,2,0.6,right,\LEFT,37,57,0.6,23626.4501073118,23626.3629752429,-0.000280444259260548
17,2,0.6,right,\LEFT,37,58,0.6,23626.5451176054,23626.4530516489,-0.000237278774875449
17,2,0.6,right,\LEFT,37,59,0.6,23626.6401278991,23626.5530838871,-0.000260859094851185
17,2,0.6,right,\LEFT,37,60,0.6,23626.7351381928,NaN,NaN
17,2,0.6,right,\LEFT,37,61,0.6,23626.8301484864,NaN,NaN
17,2,0.6,right,\LEFT,37,62,0.6,23626.9251587801,NaN,NaN
17,2,0.6,right,\LEFT,37,63,0.6,23627.0201690738,NaN,NaN
17,2,0.6,right,\LEFT,37,64,0.6,23627.1151793674,NaN,NaN
17,2,0.6,right,\LEFT,37,65,0.6,23627.2101896611,NaN,NaN
17,2,0.6,right,\LEFT,37,66,0.6,23627.3051999547,NaN,NaN
17,2,0.6,right,\LEFT,37,67,0.6,23627.4002102484,NaN,NaN
17,2,0.6,right,\LEFT,37,68,0.6,23627.4952205421,NaN,NaN
17,2,0.6,right,\LEFT,37,69,0.6,23627.5902308357,NaN,NaN
17,2,0.6,right,\LEFT,37,70,0.6,23627.6852411294,NaN,NaN
17,2,0.6,right,\LEFT,37,71,0.6,23627.7802514231,NaN,NaN
17,2,0.6,right,\LEFT,37,72,0.6,23627.8752617167,NaN,NaN
17,2,0.6,right,\LEFT,37,73,0.6,23627.9702720104,NaN,NaN
17,2,0.6,right,\LEFT,37,74,0.6,23628.065282304,NaN,NaN
17,2,0.6,right,\LEFT,37,75,0.6,23628.1602925977,NaN,NaN
17,2,0.6,right,\LEFT,37,76,0.6,23628.2553028914,NaN,NaN
17,2,0.6,right,\LEFT,37,77,0.6,23628.350313185,NaN,NaN
17,2,0.6,right,\LEFT,37,78,0.6,23628.4453234787,NaN,NaN
17,2,0.6,right,\LEFT,37,79,0.6,23628.5403337724,NaN,NaN
17,2,0.6,right,\LEFT,37,80,0.6,23628.635344066,NaN,NaN
17,2,0.6,right,\LEFT,37,81,0.6,23628.7303543597,NaN,NaN
17,2,0.6,right,\LEFT,37,82,0.6,23628.8253646534,NaN,NaN
17,2,0.6,right,\LEFT,37,83,0.6,23628.920374947,NaN,NaN
17,2,0.6,right,\LEFT,37,84,0.6,23629.0153852407,NaN,NaN
17,2,0.6,right,\LEFT,37,85,0.6,23629.1103955343,NaN,NaN
17,2,0.6,right,\LEFT,37,86,0.6,23629.205405828,NaN,NaN
17,2,0.6,right,\LEFT,37,87,0.6,23629.3004161217,NaN,NaN
17,2,0.6,right,\LEFT,37,88,0.6,23629.3954264153,NaN,NaN
17,2,0.6,right,\LEFT,37,89,0.6,23629.490436709,NaN,NaN
17,2,0.6,right,\LEFT,37,90,0.6,23629.5854470027,NaN,NaN
17,2,0.6,right,\LEFT,37,91,0.6,23629.6804572963,NaN,NaN
17,2,0.6,right,\LEFT,37,92,0.6,23629.77546759,NaN,NaN
17,2,0.6,right,\LEFT,37,93,0.6,23629.8704778836,NaN,NaN
17,2,0.6,right,\LEFT,37,94,0.6,23629.9654881773,NaN,NaN
17,2,0.6,right,\LEFT,37,95,0.6,23630.060498471,NaN,NaN
17,2,0.6,right,\LEFT,37,96,0.6,23630.1555087646,NaN,NaN
17,2,0.6,right,\LEFT,37,97,0.6,23630.2505190583,NaN,NaN
17,2,0.6,right,\LEFT,37,98,0.6,23630.345529352,NaN,NaN
17,2,0.6,right,\LEFT,37,99,0.6,23630.4405396456,NaN,NaN
17,2,0.6,right,\LEFT,37,100,0.6,23630.5355499393,NaN,NaN
17,2,0.6,right,\LEFT,37,101,0.6,23630.6305602329,NaN,NaN
17,2,0.6,right,\LEFT,37,102,0.6,23630.7255705266,NaN,NaN
17,2,0.6,right,\LEFT,37,103,0.6,23630.8205808203,NaN,NaN
17,2,0.6,right,\LEFT,37,104,0.6,23630.9155911139,NaN,NaN
17,2,0.6,right,\LEFT,37,105,0.6,23631.0106014076,NaN,NaN
17,2,0.6,right,\LEFT,37,106,0.6,23631.1056117013,NaN,NaN
17,2,0.6,right,\LEFT,37,107,0.6,23631.2006219949,NaN,NaN
17,2,0.6,right,\LEFT,37,108,0.6,23631.2956322886,NaN,NaN
17,2,0.6,right,\LEFT,37,109,0.6,23631.3906425823,NaN,NaN
17,2,0.6,right,\LEFT,37,110,0.6,23631.4856528759,NaN,NaN
17,2,0.6,right,\LEFT,37,111,0.6,23631.5806631696,NaN,NaN
17,2,0.6,right,\LEFT,37,112,0.6,23631.6756734632,NaN,NaN
17,2,0.6,right,\LEFT,37,113,0.6,23631.7706837569,NaN,NaN
17,2,0.6,right,\LEFT,37,114,0.6,23631.8656940506,NaN,NaN
17,2,0.6,right,\LEFT,37,115,0.6,23631.9607043442,NaN,NaN
17,2,0.6,right,\LEFT,37,116,0.6,23632.0557146379,NaN,NaN
17,2,0.6,right,\LEFT,37,117,0.6,23632.1507249316,NaN,NaN
17,2,0.6,right,\LEFT,37,118,0.6,23632.2457352252,NaN,NaN
17,2,0.6,right,\LEFT,37,119,0.6,23632.3407455189,NaN,NaN
17,2,0.6,right,\LEFT,37,120,0.6,23632.4357558125,NaN,NaN
17,2,0.6,right,\LEFT,37,121,0.6,23632.5307661062,NaN,NaN
17,2,0.6,right,\LEFT,37,122,0.6,23632.6257763999,NaN,NaN
17,2,0.6,right,\LEFT,37,123,0.6,23632.7207866935,NaN,NaN
17,2,0.6,right,\LEFT,37,124,0.6,23632.8157969872,NaN,NaN
17,2,0.6,right,\LEFT,37,125,0.6,23632.9108072809,NaN,NaN
17,2,0.6,right,\LEFT,37,126,0.6,23633.0058175745,NaN,NaN
17,2,0.6,right,\LEFT,37,127,0.6,23633.1008278682,NaN,NaN
17,2,0.6,right,\LEFT,37,128,0.6,23633.1958381619,NaN,NaN
17,2,0.6,right,\LEFT,37,129,0.6,23633.2908484555,NaN,NaN
17,2,0.6,right,\LEFT,37,130,0.6,23633.3858587492,NaN,NaN
17,2,0.6,right,\LEFT,37,131,0.6,23633.4808690428,NaN,NaN
17,2,0.6,right,\LEFT,37,132,0.6,23633.5758793365,NaN,NaN
17,2,0.6,right,\LEFT,37,133,0.6,23633.6708896302,NaN,NaN
17,2,0.6,right,\LEFT,37,134,0.6,23633.7658999238,NaN,NaN
17,2,0.6,right,\LEFT,37,135,0.6,23633.8609102175,NaN,NaN
17,2,0.6,right,\LEFT,37,136,0.6,23633.9559205112,NaN,NaN
17,2,0.6,right,\LEFT,37,137,0.6,23634.0509308048,NaN,NaN
17,2,0.6,right,\LEFT,37,138,0.6,23634.1459410985,NaN,NaN
17,2,0.6,right,\LEFT,37,139,0.6,23634.2409513921,NaN,NaN
17,2,0.6,right,\LEFT,37,140,0.6,23634.3359616858,NaN,NaN
17,2,0.6,right,\LEFT,37,141,0.6,23634.4309719795,NaN,NaN
17,2,0.6,right,\LEFT,37,142,0.6,23634.5259822731,NaN,NaN
17,2,0.6,right,\LEFT,37,143,0.6,23634.6209925668,NaN,NaN
17,2,0.6,right,\LEFT,37,144,0.6,23634.7160028605,NaN,NaN
17,2,0.6,right,\LEFT,37,145,0.6,23634.8110131541,NaN,NaN
17,2,0.6,right,\LEFT,37,146,0.6,23634.9060234478,NaN,NaN
17,2,0.6,right,\LEFT,37,147,0.6,23635.0010337415,NaN,NaN
17,2,0.6,right,\LEFT,37,148,0.6,23635.0960440351,NaN,NaN
17,2,0.6,right,\LEFT,37,149,0.6,23635.1910543288,NaN,NaN
17,2,0.6,right,\LEFT,37,150,0.6,23635.2860646224,NaN,NaN
17,2,0.6,right,\LEFT,37,151,0.6,23635.3810749161,NaN,NaN
17,2,0.6,right,\LEFT,37,152,0.6,23635.4760852098,NaN,NaN
17,2,0.6,right,\LEFT,37,153,0.6,23635.5710955034,NaN,NaN
17,2,0.6,right,\LEFT,37,154,0.6,23635.6661057971,NaN,NaN
17,2,0.6,right,\LEFT,37,155,0.6,23635.7611160908,NaN,NaN
17,2,0.6,right,\LEFT,37,156,0.6,23635.8561263844,NaN,NaN
17,2,0.6,right,\LEFT,37,157,0.6,23635.9511366781,NaN,NaN
17,2,0.6,right,\LEFT,37,158,0.6,23636.0461469717,NaN,NaN
17,2,0.6,right,\LEFT,37,159,0.6,23636.1411572654,NaN,NaN
17,2,0.6,right,\LEFT,37,160,0.6,23636.2361675591,NaN,NaN
17,2,0.6,right,\LEFT,37,161,0.6,23636.3311778527,NaN,NaN
17,2,0.6,right,\LEFT,37,162,0.6,23636.4261881464,NaN,NaN
17,2,0.6,right,\LEFT,37,163,0.6,23636.5211984401,NaN,NaN
17,2,0.6,right,\LEFT,37,164,0.6,23636.6162087337,NaN,NaN
17,2,0.6,right,\LEFT,37,165,0.6,23636.7112190274,NaN,NaN
17,2,0.6,right,\LEFT,37,166,0.6,23636.8062293211,NaN,NaN
17,2,0.6,right,\LEFT,37,167,0.6,23636.9012396147,NaN,NaN
17,2,0.6,right,\LEFT,37,168,0.6,23636.9962499084,NaN,NaN
17,2,0.6,right,\LEFT,37,169,0.6,23637.091260202,NaN,NaN
17,2,0.6,right,\LEFT,37,170,0.6,23637.1862704957,NaN,NaN
17,2,0.6,right,\LEFT,37,171,0.6,23637.2812807894,NaN,NaN
17,2,0.6,right,\LEFT,37,172,0.6,23637.376291083,NaN,NaN
17,2,0.6,right,\LEFT,37,173,0.6,23637.4713013767,NaN,NaN
17,2,0.6,right,\LEFT,37,174,0.6,23637.5663116704,NaN,NaN
17,2,0.6,right,\LEFT,37,175,0.6,23637.661321964,NaN,NaN
17,2,0.6,right,\LEFT,37,176,0.6,23637.7563322577,NaN,NaN
17,2,0.6,right,\LEFT,37,177,0.6,23637.8513425513,NaN,NaN
17,2,0.6,right,\LEFT,37,178,0.6,23637.946352845,NaN,NaN
17,2,0.6,right,\LEFT,37,179,0.6,23638.0413631387,NaN,NaN
17,2,0.6,right,\LEFT,37,180,0.6,23638.1363734323,NaN,NaN
17,2,0.6,right,\LEFT,37,181,0.6,23638.231383726,NaN,NaN
17,2,0.6,right,\LEFT,37,182,0.6,23638.3263940197,NaN,NaN
17,2,0.6,right,\LEFT,37,183,0.6,23638.4214043133,NaN,NaN
17,2,0.6,right,\LEFT,37,184,0.6,23638.516414607,NaN,NaN
17,2,0.6,right,\LEFT,37,185,0.6,23638.6114249007,NaN,NaN
17,2,0.6,right,\LEFT,37,186,0.6,23638.7064351943,NaN,NaN
17,2,0.6,right,\LEFT,37,187,0.6,23638.801445488,NaN,NaN
17,2,0.6,right,\LEFT,37,188,0.6,23638.8964557816,NaN,NaN
17,2,0.6,right,\LEFT,37,189,0.6,23638.9914660753,NaN,NaN
17,2,0.6,right,\LEFT,37,190,0.6,23639.086476369,NaN,NaN
17,2,0.6,right,\LEFT,37,191,0.6,23639.1814866626,NaN,NaN
17,2,0.6,right,\LEFT,37,192,0.6,23639.2764969563,NaN,NaN
17,2,0.6,right,\LEFT,37,193,0.6,23639.37150725,NaN,NaN
17,2,0.6,right,\LEFT,37,194,0.6,23639.4665175436,NaN,NaN
17,2,0.6,right,\LEFT,37,195,0.6,23639.5615278373,NaN,NaN
17,2,0.6,right,\LEFT,37,196,0.6,23639.6565381309,NaN,NaN
17,2,0.6,right,\LEFT,37,197,0.6,23639.7515484246,NaN,NaN
17,2,0.6,right,\LEFT,37,198,0.6,23639.8465587183,NaN,NaN
17,2,0.6,right,\LEFT,37,199,0.6,23639.9415690119,NaN,NaN
17,2,0.6,right,\LEFT,37,200,0.6,23640.0365793056,NaN,NaN
17,2,0.6,right,\LEFT,37,201,0.6,23640.1315895993,NaN,NaN
17,2,0.6,right,\LEFT,37,202,0.6,23640.2265998929,NaN,NaN
17,6,0.6,left,\RIGHT,38,1,0,23627.7839015078,23627.7839015078,-0.000470631632197183
17,6,0.6,left,\RIGHT,38,2,0,23627.8789118015,23627.8038973905,0.00951749936575652
17,6,0.6,left,\RIGHT,38,3,0,23627.9739220952,23627.8839678559,-0.000263806632574415
17,6,0.6,left,\RIGHT,38,4,0,23628.0689323888,23627.9840489949,-0.000211958336876705
17,6,0.6,left,\RIGHT,38,5,0,23628.1639426825,23628.0741115155,-0.000251164176006569
17,6,0.6,left,\RIGHT,38,6,0,23628.2589529762,23628.1741509983,-0.000253614536632085
17,6,0.6,left,\RIGHT,38,7,0.015,23628.3539632698,23628.2642098965,-0.000254786453297129
17,6,0.6,left,\RIGHT,38,8,0.03,23628.4489735635,23628.364288017,0.00976443577019381
17,6,0.6,left,\RIGHT,38,9,0.045,23628.5439838571,23628.4543547635,-0.000246938183408929
17,6,0.6,left,\RIGHT,38,10,0.06,23628.6389941508,23628.5544386193,0.00977017104742117
17,6,0.6,left,\RIGHT,38,11,0.075,23628.7340044445,23628.6444618985,-0.000290405525447568
17,6,0.6,left,\RIGHT,38,12,0.09,23628.8290147381,23628.7445520932,0.00977651003267965
17,6,0.6,left,\RIGHT,38,13,0.105,23628.9240250318,23628.8346022376,-0.000263540292507969
17,6,0.6,left,\RIGHT,38,14,0.12,23629.0190353255,23628.9346719061,0.00975598378863651
17,6,0.6,left,\RIGHT,38,15,0.135,23629.1140456191,23629.02473986,-0.000245730756432749
17,6,0.6,left,\RIGHT,38,16,0.15,23629.2090559128,23629.1247745132,0.00972096842815517
17,6,0.6,left,\RIGHT,38,17,0.165,23629.3040662064,23629.2148524284,-0.00023576949024573
17,6,0.6,left,\RIGHT,38,18,0.18,23629.3990765001,23629.3149193802,0.00975326707703061
17,6,0.6,left,\RIGHT,38,19,0.195,23629.4940867938,23629.4049794858,-0.000253579026320949
17,6,0.6,left,\RIGHT,38,20,0.21,23629.5890970874,23629.5050331559,0.00973998539120657
17,6,0.6,left,\RIGHT,38,21,0.225,23629.6841073811,23629.5951195231,-0.000227317508688429
17,6,0.6,left,\RIGHT,38,22,0.24,23629.7791176748,23629.6848394365,-0.000593771343119442
17,6,0.6,left,\RIGHT,38,23,0.255,23629.8741279684,23629.7852423546,0.000109820732177468
17,6,0.6,left,\RIGHT,38,24,0.27,23629.9691382621,23629.8753241939,-0.00023184535530163
17,6,0.6,left,\RIGHT,38,25,0.285,23630.0641485558,23629.9753362078,-0.000281083484878764
17,6,0.6,left,\RIGHT,38,26,0.3,23630.1591588494,23630.0654473272,-0.00020256527204765
17,6,0.6,left,\RIGHT,38,27,0.315,23630.2541691431,23630.1654662838,-0.000274140780675225
17,6,0.6,left,\RIGHT,38,28,0.33,23630.3491794367,23630.2555230691,-0.000256899449595949
17,6,0.6,left,\RIGHT,38,29,0.345,23630.4441897304,23630.3556123582,-0.000203808209334966
17,6,0.6,left,\RIGHT,38,30,0.36,23630.5392000241,23630.4456748788,-0.000251164176006569
17,6,0.6,left,\RIGHT,38,31,0.375,23630.6342103177,23630.5457285489,-0.000239427281485405
17,6,0.6,left,\RIGHT,38,32,0.39,23630.7292206114,23630.6358209532,-0.00022128037744551
17,6,0.6,left,\RIGHT,38,33,0.405,23630.8242309051,23630.7358577193,-0.000256331248237984
17,6,0.6,left,\RIGHT,38,34,0.42,23630.9192411987,23630.835924973,0.00975356893832213
17,6,0.6,left,\RIGHT,38,35,0.435,23631.0142514924,23630.9259775322,-0.000261125442193588
17,6,0.6,left,\RIGHT,38,36,0.45,23631.109261786,23631.0160146968,-0.000276520124316448
17,6,0.6,left,\RIGHT,38,37,0.465,23631.2042720797,23631.1160988544,-0.000208939771255245
17,6,0.6,left,\RIGHT,38,38,0.48,23631.2992823734,23631.2061565452,-0.00025599387663533
17,6,0.6,left,\RIGHT,38,39,0.495,23631.394292667,23631.306210819,-0.000238823569816304
17,6,0.6,left,\RIGHT,38,40,0.51,23631.4893029607,23631.3962941676,-0.000230336074309889
17,6,0.6,left,\RIGHT,38,41,0.525,23631.5843132544,23631.4963590064,-0.000228258588322205
17,6,0.6,left,\RIGHT,38,42,0.54,23631.679323548,23631.5864287715,-0.000243919617787469
17,6,0.6,left,\RIGHT,38,43,0.555,23631.7743338417,23631.686492101,-0.000229767872951925
17,6,0.6,left,\RIGHT,38,44,0.57,23631.8693441353,23631.7765036078,-0.000302177926641889
17,6,0.6,left,\RIGHT,38,45,0.585,23631.964354429,23631.8765965192,-0.000200185932044405
17,6,0.6,left,\RIGHT,38,46,0.6,23632.0593647227,23631.9666696047,-0.000240599198150449
17,6,0.6,left,\RIGHT,38,47,0.6,23632.1543750163,NaN,NaN
17,6,0.6,left,\RIGHT,38,48,0.6,23632.24938531,NaN,NaN
17,6,0.6,left,\RIGHT,38,49,0.6,23632.3443956037,NaN,NaN
17,6,0.6,left,\RIGHT,38,50,0.6,23632.4394058973,NaN,NaN
17,6,0.6,left,\RIGHT,38,51,0.6,23632.534416191,NaN,NaN
17,6,0.6,left,\RIGHT,38,52,0.6,23632.6294264847,NaN,NaN
17,6,0.6,left,\RIGHT,38,53,0.6,23632.7244367783,NaN,NaN
17,6,0.6,left,\RIGHT,38,54,0.6,23632.819447072,NaN,NaN
17,6,0.6,left,\RIGHT,38,55,0.6,23632.9144573656,NaN,NaN
17,6,0.6,left,\RIGHT,38,56,0.6,23633.0094676593,NaN,NaN
17,6,0.6,left,\RIGHT,38,57,0.6,23633.104477953,NaN,NaN
17,6,0.6,left,\RIGHT,38,58,0.6,23633.1994882466,NaN,NaN
17,6,0.6,left,\RIGHT,38,59,0.6,23633.2944985403,NaN,NaN
17,6,0.6,left,\RIGHT,38,60,0.6,23633.389508834,NaN,NaN
17,6,0.6,left,\RIGHT,38,61,0.6,23633.4845191276,NaN,NaN
17,6,0.6,left,\RIGHT,38,62,0.6,23633.5795294213,NaN,NaN
17,6,0.6,left,\RIGHT,38,63,0.6,23633.6745397149,NaN,NaN
17,6,0.6,left,\RIGHT,38,64,0.6,23633.7695500086,NaN,NaN
17,6,0.6,left,\RIGHT,38,65,0.6,23633.8645603023,NaN,NaN
17,6,0.6,left,\RIGHT,38,66,0.6,23633.9595705959,NaN,NaN
17,6,0.6,left,\RIGHT,38,67,0.6,23634.0545808896,NaN,NaN
17,6,0.6,left,\RIGHT,38,68,0.6,23634.1495911833,NaN,NaN
17,6,0.6,left,\RIGHT,38,69,0.6,23634.2446014769,NaN,NaN
17,6,0.6,left,\RIGHT,38,70,0.6,23634.3396117706,NaN,NaN
17,6,0.6,left,\RIGHT,38,71,0.6,23634.4346220643,NaN,NaN
17,6,0.6,left,\RIGHT,38,72,0.6,23634.5296323579,NaN,NaN
17,6,0.6,left,\RIGHT,38,73,0.6,23634.6246426516,NaN,NaN
17,6,0.6,left,\RIGHT,38,74,0.6,23634.7196529452,NaN,NaN
17,6,0.6,left,\RIGHT,38,75,0.6,23634.8146632389,NaN,NaN
17,6,0.6,left,\RIGHT,38,76,0.6,23634.9096735326,NaN,NaN
17,6,0.6,left,\RIGHT,38,77,0.6,23635.0046838262,NaN,NaN
17,6,0.6,left,\RIGHT,38,78,0.6,23635.0996941199,NaN,NaN
17,6,0.6,left,\RIGHT,38,79,0.6,23635.1947044136,NaN,NaN
17,6,0.6,left,\RIGHT,38,80,0.6,23635.2897147072,NaN,NaN
17,6,0.6,left,\RIGHT,38,81,0.6,23635.3847250009,NaN,NaN
17,6,0.6,left,\RIGHT,38,82,0.6,23635.4797352945,NaN,NaN
17,6,0.6,left,\RIGHT,38,83,0.6,23635.5747455882,NaN,NaN
17,6,0.6,left,\RIGHT,38,84,0.6,23635.6697558819,NaN,NaN
17,6,0.6,left,\RIGHT,38,85,0.6,23635.7647661755,NaN,NaN
17,6,0.6,left,\RIGHT,38,86,0.6,23635.8597764692,NaN,NaN
17,6,0.6,left,\RIGHT,38,87,0.6,23635.9547867629,NaN,NaN
17,6,0.6,left,\RIGHT,38,88,0.6,23636.0497970565,NaN,NaN
17,6,0.6,left,\RIGHT,38,89,0.6,23636.1448073502,NaN,NaN
17,6,0.6,left,\RIGHT,38,90,0.6,23636.2398176439,NaN,NaN
17,6,0.6,left,\RIGHT,38,91,0.6,23636.3348279375,NaN,NaN
17,6,0.6,left,\RIGHT,38,92,0.6,23636.4298382312,NaN,NaN
17,6,0.6,left,\RIGHT,38,93,0.6,23636.5248485248,NaN,NaN
17,6,0.6,left,\RIGHT,38,94,0.6,23636.6198588185,NaN,NaN
17,6,0.6,left,\RIGHT,38,95,0.6,23636.7148691122,NaN,NaN
17,6,0.6,left,\RIGHT,38,96,0.6,23636.8098794058,NaN,NaN
17,6,0.6,left,\RIGHT,38,97,0.6,23636.9048896995,NaN,NaN
17,6,0.6,left,\RIGHT,38,98,0.6,23636.9998999932,NaN,NaN
17,6,0.6,left,\RIGHT,38,99,0.6,23637.0949102868,NaN,NaN
17,6,0.6,left,\RIGHT,38,100,0.6,23637.1899205805,NaN,NaN
17,6,0.6,left,\RIGHT,38,101,0.6,23637.2849308741,NaN,NaN
17,6,0.6,left,\RIGHT,38,102,0.6,23637.3799411678,NaN,NaN
17,6,0.6,left,\RIGHT,38,103,0.6,23637.4749514615,NaN,NaN
17,6,0.6,left,\RIGHT,38,104,0.6,23637.5699617551,NaN,NaN
17,6,0.6,left,\RIGHT,38,105,0.6,23637.6649720488,NaN,NaN
17,6,0.6,left,\RIGHT,38,106,0.6,23637.7599823425,NaN,NaN
17,6,0.6,left,\RIGHT,38,107,0.6,23637.8549926361,NaN,NaN
17,6,0.6,left,\RIGHT,38,108,0.6,23637.9500029298,NaN,NaN
17,6,0.6,left,\RIGHT,38,109,0.6,23638.0450132234,NaN,NaN
17,6,0.6,left,\RIGHT,38,110,0.6,23638.1400235171,NaN,NaN
17,6,0.6,left,\RIGHT,38,111,0.6,23638.2350338108,NaN,NaN
17,6,0.6,left,\RIGHT,38,112,0.6,23638.3300441044,NaN,NaN
17,6,0.6,left,\RIGHT,38,113,0.6,23638.4250543981,NaN,NaN
17,6,0.6,left,\RIGHT,38,114,0.6,23638.5200646918,NaN,NaN
17,6,0.6,left,\RIGHT,38,115,0.6,23638.6150749854,NaN,NaN
17,6,0.6,left,\RIGHT,38,116,0.6,23638.7100852791,NaN,NaN
17,6,0.6,left,\RIGHT,38,117,0.6,23638.8050955728,NaN,NaN
17,6,0.6,left,\RIGHT,38,118,0.6,23638.9001058664,NaN,NaN
17,6,0.6,left,\RIGHT,38,119,0.6,23638.9951161601,NaN,NaN
17,6,0.6,left,\RIGHT,38,120,0.6,23639.0901264537,NaN,NaN
17,6,0.6,left,\RIGHT,38,121,0.6,23639.1851367474,NaN,NaN
17,6,0.6,left,\RIGHT,38,122,0.6,23639.2801470411,NaN,NaN
17,6,0.6,left,\RIGHT,38,123,0.6,23639.3751573347,NaN,NaN
17,6,0.6,left,\RIGHT,38,124,0.6,23639.4701676284,NaN,NaN
17,6,0.6,left,\RIGHT,38,125,0.6,23639.5651779221,NaN,NaN
17,6,0.6,left,\RIGHT,38,126,0.6,23639.6601882157,NaN,NaN
17,6,0.6,left,\RIGHT,38,127,0.6,23639.7551985094,NaN,NaN
17,6,0.6,left,\RIGHT,38,128,0.6,23639.850208803,NaN,NaN
17,6,0.6,left,\RIGHT,38,129,0.6,23639.9452190967,NaN,NaN
17,6,0.6,left,\RIGHT,38,130,0.6,23640.0402293904,NaN,NaN
17,6,0.6,left,\RIGHT,38,131,0.6,23640.135239684,NaN,NaN
17,6,0.6,left,\RIGHT,38,132,0.6,23640.2302499777,NaN,NaN
17,6,0.6,left,\RIGHT,38,133,0.6,23640.3252602714,NaN,NaN
17,6,0.6,left,\RIGHT,38,134,0.6,23640.420270565,NaN,NaN
17,6,0.6,left,\RIGHT,38,135,0.6,23640.5152808587,NaN,NaN
17,6,0.6,left,\RIGHT,38,136,0.6,23640.6102911524,NaN,NaN
17,6,0.6,left,\RIGHT,38,137,0.6,23640.705301446,NaN,NaN
17,6,0.6,left,\RIGHT,38,138,0.6,23640.8003117397,NaN,NaN
17,6,0.6,left,\RIGHT,38,139,0.6,23640.8953220333,NaN,NaN
17,6,0.6,left,\RIGHT,38,140,0.6,23640.990332327,NaN,NaN
17,6,0.6,left,\RIGHT,38,141,0.6,23641.0853426207,NaN,NaN
17,6,0.6,left,\RIGHT,38,142,0.6,23641.1803529143,NaN,NaN
17,6,0.6,left,\RIGHT,38,143,0.6,23641.275363208,NaN,NaN
17,6,0.6,left,\RIGHT,38,144,0.6,23641.3703735017,NaN,NaN
17,6,0.6,left,\RIGHT,38,145,0.6,23641.4653837953,NaN,NaN
17,6,0.6,left,\RIGHT,38,146,0.6,23641.560394089,NaN,NaN
17,6,0.6,left,\RIGHT,38,147,0.6,23641.6554043826,NaN,NaN
17,6,0.6,left,\RIGHT,38,148,0.6,23641.7504146763,NaN,NaN
17,6,0.6,left,\RIGHT,38,149,0.6,23641.84542497,NaN,NaN
17,6,0.6,left,\RIGHT,38,150,0.6,23641.9404352636,NaN,NaN
17,6,0.6,left,\RIGHT,38,151,0.6,23642.0354455573,NaN,NaN
17,6,0.6,left,\RIGHT,38,152,0.6,23642.130455851,NaN,NaN
17,6,0.6,left,\RIGHT,38,153,0.6,23642.2254661446,NaN,NaN
17,6,0.6,left,\RIGHT,38,154,0.6,23642.3204764383,NaN,NaN
17,6,0.6,left,\RIGHT,38,155,0.6,23642.4154867319,NaN,NaN
17,6,0.6,left,\RIGHT,38,156,0.6,23642.5104970256,NaN,NaN
17,6,0.6,left,\RIGHT,38,157,0.6,23642.6055073193,NaN,NaN
17,6,0.6,left,\RIGHT,38,158,0.6,23642.7005176129,NaN,NaN
17,6,0.6,left,\RIGHT,38,159,0.6,23642.7955279066,NaN,NaN
17,6,0.6,left,\RIGHT,38,160,0.6,23642.8905382003,NaN,NaN
17,6,0.6,left,\RIGHT,38,161,0.6,23642.9855484939,NaN,NaN
17,6,0.6,left,\RIGHT,38,162,0.6,23643.0805587876,NaN,NaN
17,6,0.6,left,\RIGHT,38,163,0.6,23643.1755690813,NaN,NaN
17,6,0.6,left,\RIGHT,38,164,0.6,23643.2705793749,NaN,NaN
17,6,0.6,left,\RIGHT,38,165,0.6,23643.3655896686,NaN,NaN
17,6,0.6,left,\RIGHT,38,166,0.6,23643.4605999622,NaN,NaN
17,6,0.6,left,\RIGHT,38,167,0.6,23643.5556102559,NaN,NaN
17,6,0.6,left,\RIGHT,38,168,0.6,23643.6506205496,NaN,NaN
17,6,0.6,left,\RIGHT,38,169,0.6,23643.7456308432,NaN,NaN
17,6,0.6,left,\RIGHT,38,170,0.6,23643.8406411369,NaN,NaN
17,6,0.6,left,\RIGHT,38,171,0.6,23643.9356514306,NaN,NaN
17,6,0.6,left,\RIGHT,38,172,0.6,23644.0306617242,NaN,NaN
17,6,0.6,left,\RIGHT,38,173,0.6,23644.1256720179,NaN,NaN
17,6,0.6,left,\RIGHT,38,174,0.6,23644.2206823115,NaN,NaN
17,6,0.6,left,\RIGHT,38,175,0.6,23644.3156926052,NaN,NaN
17,6,0.6,left,\RIGHT,38,176,0.6,23644.4107028989,NaN,NaN
17,6,0.6,left,\RIGHT,38,177,0.6,23644.5057131925,NaN,NaN
17,6,0.6,left,\RIGHT,38,178,0.6,23644.6007234862,NaN,NaN
17,6,0.6,left,\RIGHT,38,179,0.6,23644.6957337799,NaN,NaN
17,6,0.6,left,\RIGHT,38,180,0.6,23644.7907440735,NaN,NaN
17,6,0.6,left,\RIGHT,38,181,0.6,23644.8857543672,NaN,NaN
17,6,0.6,left,\RIGHT,38,182,0.6,23644.9807646609,NaN,NaN
17,6,0.6,left,\RIGHT,38,183,0.6,23645.0757749545,NaN,NaN
17,6,0.6,left,\RIGHT,38,184,0.6,23645.1707852482,NaN,NaN
17,6,0.6,left,\RIGHT,38,185,0.6,23645.2657955418,NaN,NaN
17,6,0.6,left,\RIGHT,38,186,0.6,23645.3608058355,NaN,NaN
17,6,0.6,left,\RIGHT,38,187,0.6,23645.4558161292,NaN,NaN
17,6,0.6,left,\RIGHT,38,188,0.6,23645.5508264228,NaN,NaN
17,6,0.6,left,\RIGHT,38,189,0.6,23645.6458367165,NaN,NaN
17,6,0.6,left,\RIGHT,38,190,0.6,23645.7408470102,NaN,NaN
17,6,0.6,left,\RIGHT,38,191,0.6,23645.8358573038,NaN,NaN
17,6,0.6,left,\RIGHT,38,192,0.6,23645.9308675975,NaN,NaN
17,6,0.6,left,\RIGHT,38,193,0.6,23646.0258778911,NaN,NaN
17,6,0.6,left,\RIGHT,38,194,0.6,23646.1208881848,NaN,NaN
17,6,0.6,left,\RIGHT,38,195,0.6,23646.2158984785,NaN,NaN
17,6,0.6,left,\RIGHT,38,196,0.6,23646.3109087721,NaN,NaN
17,6,0.6,left,\RIGHT,38,197,0.6,23646.4059190658,NaN,NaN
17,6,0.6,left,\RIGHT,38,198,0.6,23646.5009293595,NaN,NaN
17,6,0.6,left,\RIGHT,38,199,0.6,23646.5959396531,NaN,NaN
17,6,0.6,left,\RIGHT,38,200,0.6,23646.6909499468,NaN,NaN
17,6,0.6,left,\RIGHT,38,201,0.6,23646.7859602405,NaN,NaN
17,6,0.6,left,\RIGHT,38,202,0.6,23646.8809705341,NaN,NaN
17,2,0.6,left,\LEFT,39,1,0,23633.207415287,23633.207415287,-0.000519532390171662
17,2,0.6,left,\LEFT,39,2,0,23633.3024255806,23633.2374877446,0.0195940743324172
17,2,0.6,left,\LEFT,39,3,0.015,23633.3974358743,23633.3075601177,-0.000282486227661138
17,2,0.6,left,\LEFT,39,4,0.03,23633.492446168,23633.4076023173,-0.000250897828664165
17,2,0.6,left,\LEFT,39,5,0.045,23633.5874564616,23633.4976744972,-0.000241504767473089
17,2,0.6,left,\LEFT,39,6,0.06,23633.6824667553,23633.597743562,0.00975538007696741
17,2,0.6,left,\LEFT,39,7,0.075,23633.777477049,23633.6877994417,-0.000257805018918589
17,2,0.6,left,\LEFT,39,8,0.09,23633.8724873426,23633.7878407357,0.00972760927470517
17,2,0.6,left,\LEFT,39,9,0.105,23633.9674976363,23633.8779020488,-0.000252371602982748
17,2,0.6,left,\LEFT,39,10,0.12,23634.06250793,23633.9779949602,0.00977922674064757
17,2,0.6,left,\LEFT,39,11,0.135,23634.1575182236,23634.0680288044,-0.000279840543953469
17,2,0.6,left,\LEFT,39,12,0.15,23634.2525285173,23634.1681078304,0.00976534133951645
17,2,0.6,left,\LEFT,39,13,0.165,23634.3475388109,23634.2581754825,-0.000246032614086289
17,2,0.6,left,\LEFT,39,14,0.18,23634.4425491046,23634.3582216062,0.00973243897897191
17,2,0.6,left,\LEFT,39,15,0.195,23634.5375593983,23634.448249715,-0.000285575821180828
17,2,0.6,left,\LEFT,39,16,0.21,23634.6325696919,23634.5483586249,0.00979522513807751
17,2,0.6,left,\LEFT,39,17,0.225,23634.7275799856,23634.6383927709,-0.000279538686299929
17,2,0.6,left,\LEFT,39,18,0.24,23634.8225902793,23634.7384615338,0.00975507821567589
17,2,0.6,left,\LEFT,39,19,0.255,23634.9176005729,23634.8285231488,-0.00025206974169123
17,2,0.6,left,\LEFT,39,20,0.27,23635.0126108666,23634.9286148528,0.00977801931367139
17,2,0.6,left,\LEFT,39,21,0.285,23635.1076211602,23635.0186918624,-0.00023667505956837
17,2,0.6,left,\LEFT,39,22,0.3,23635.2026314539,23635.1087414031,-0.000264144007815048
17,2,0.6,left,\LEFT,39,23,0.315,23635.2976417476,23635.2087636801,-0.000270820361038204
17,2,0.6,left,\LEFT,39,24,0.33,23635.3926520412,23635.2988530659,-0.00022429894306697
17,2,0.6,left,\LEFT,39,25,0.345,23635.4876623349,23635.3989154898,-0.000230673438636586
17,2,0.6,left,\LEFT,39,26,0.36,23635.5826726286,23635.488964125,-0.000265049577137688
17,2,0.6,left,\LEFT,39,27,0.375,23635.6776829222,23635.5890362083,-0.000221014033741085
17,2,0.6,left,\LEFT,39,28,0.39,23635.7726932159,23635.6791135198,-0.00023637320191483
17,2,0.6,left,\LEFT,39,29,0.405,23635.8677035096,23635.779131269,-0.000275348211289383
17,2,0.6,left,\LEFT,39,30,0.42,23635.9627138032,23635.8692393698,-0.00020558383766911
17,2,0.6,left,\LEFT,39,31,0.435,23636.0577240969,23635.9692782489,-0.000254218248301186
17,2,0.6,left,\LEFT,39,32,0.45,23636.1527343905,23636.0593594846,-0.000232449070608709
17,2,0.6,left,\LEFT,39,33,0.465,23636.2477446842,23636.1594203992,-0.000232182723266305
17,2,0.6,left,\LEFT,39,34,0.48,23636.3427549779,23636.2594779935,0.00974390952615067
17,2,0.6,left,\LEFT,39,35,0.495,23636.4377652715,23636.349548966,-0.000242712190811289
17,2,0.6,left,\LEFT,39,36,0.51,23636.5327755652,23636.4396123921,-0.000250258606683929
17,2,0.6,left,\LEFT,39,37,0.525,23636.6277858589,23636.5396633454,-0.000242143989453325
17,2,0.6,left,\LEFT,39,38,0.54,23636.7227961525,23636.6297479015,-0.00022912864733371
17,2,0.6,left,\LEFT,39,39,0.555,23636.8178064462,23636.7297952326,-0.000245766270381864
17,2,0.6,left,\LEFT,39,40,0.57,23636.9128167398,23636.8198595643,-0.00024935303372331
17,2,0.6,left,\LEFT,39,41,0.585,23637.0078270335,23636.9198984434,-0.000254218251939164
17,2,0.6,left,\LEFT,39,42,0.6,23637.1028373272,23637.0099842069,-0.00022792122035753
17,2,0.6,left,\LEFT,39,43,0.6,23637.1978476208,23637.1100550828,-0.000222221460717265
17,2,0.6,left,\LEFT,39,44,0.6,23637.2928579145,23637.2001022086,-0.000266558858129429
17,2,0.6,left,\LEFT,39,45,0.6,23637.3878682082,23637.300138371,-0.000256934959907085
17,2,0.6,left,\LEFT,39,46,0.6,23637.4828785018,23637.3902238327,-0.000228223078011069
17,2,0.6,left,\LEFT,39,47,0.6,23637.5778887955,NaN,NaN
17,2,0.6,left,\LEFT,39,48,0.6,23637.6728990891,NaN,NaN
17,2,0.6,left,\LEFT,39,49,0.6,23637.7679093828,NaN,NaN
17,2,0.6,left,\LEFT,39,50,0.6,23637.8629196765,NaN,NaN
17,2,0.6,left,\LEFT,39,51,0.6,23637.9579299701,NaN,NaN
17,2,0.6,left,\LEFT,39,52,0.6,23638.0529402638,NaN,NaN
17,2,0.6,left,\LEFT,39,53,0.6,23638.1479505575,NaN,NaN
17,2,0.6,left,\LEFT,39,54,0.6,23638.2429608511,NaN,NaN
17,2,0.6,left,\LEFT,39,55,0.6,23638.3379711448,NaN,NaN
17,2,0.6,left,\LEFT,39,56,0.6,23638.4329814385,NaN,NaN
17,2,0.6,left,\LEFT,39,57,0.6,23638.5279917321,NaN,NaN
17,2,0.6,left,\LEFT,39,58,0.6,23638.6230020258,NaN,NaN
17,2,0.6,left,\LEFT,39,59,0.6,23638.7180123194,NaN,NaN
17,2,0.6,left,\LEFT,39,60,0.6,23638.8130226131,NaN,NaN
17,2,0.6,left,\LEFT,39,61,0.6,23638.9080329068,NaN,NaN
17,2,0.6,left,\LEFT,39,62,0.6,23639.0030432004,NaN,NaN
17,2,0.6,left,\LEFT,39,63,0.6,23639.0980534941,NaN,NaN
17,2,0.6,left,\LEFT,39,64,0.6,23639.1930637878,NaN,NaN
17,2,0.6,left,\LEFT,39,65,0.6,23639.2880740814,NaN,NaN
17,2,0.6,left,\LEFT,39,66,0.6,23639.3830843751,NaN,NaN
17,2,0.6,left,\LEFT,39,67,0.6,23639.4780946687,NaN,NaN
17,2,0.6,left,\LEFT,39,68,0.6,23639.5731049624,NaN,NaN
17,2,0.6,left,\LEFT,39,69,0.6,23639.6681152561,NaN,NaN
17,2,0.6,left,\LEFT,39,70,0.6,23639.7631255497,NaN,NaN
17,2,0.6,left,\LEFT,39,71,0.6,23639.8581358434,NaN,NaN
17,2,0.6,left,\LEFT,39,72,0.6,23639.9531461371,NaN,NaN
17,2,0.6,left,\LEFT,39,73,0.6,23640.0481564307,NaN,NaN
17,2,0.6,left,\LEFT,39,74,0.6,23640.1431667244,NaN,NaN
17,2,0.6,left,\LEFT,39,75,0.6,23640.2381770181,NaN,NaN
17,2,0.6,left,\LEFT,39,76,0.6,23640.3331873117,NaN,NaN
17,2,0.6,left,\LEFT,39,77,0.6,23640.4281976054,NaN,NaN
17,2,0.6,left,\LEFT,39,78,0.6,23640.523207899,NaN,NaN
17,2,0.6,left,\LEFT,39,79,0.6,23640.6182181927,NaN,NaN
17,2,0.6,left,\LEFT,39,80,0.6,23640.7132284864,NaN,NaN
17,2,0.6,left,\LEFT,39,81,0.6,23640.80823878,NaN,NaN
17,2,0.6,left,\LEFT,39,82,0.6,23640.9032490737,NaN,NaN
17,2,0.6,left,\LEFT,39,83,0.6,23640.9982593674,NaN,NaN
17,2,0.6,left,\LEFT,39,84,0.6,23641.093269661,NaN,NaN
17,2,0.6,left,\LEFT,39,85,0.6,23641.1882799547,NaN,NaN
17,2,0.6,left,\LEFT,39,86,0.6,23641.2832902483,NaN,NaN
17,2,0.6,left,\LEFT,39,87,0.6,23641.378300542,NaN,NaN
17,2,0.6,left,\LEFT,39,88,0.6,23641.4733108357,NaN,NaN
17,2,0.6,left,\LEFT,39,89,0.6,23641.5683211293,NaN,NaN
17,2,0.6,left,\LEFT,39,90,0.6,23641.663331423,NaN,NaN
17,2,0.6,left,\LEFT,39,91,0.6,23641.7583417167,NaN,NaN
17,2,0.6,left,\LEFT,39,92,0.6,23641.8533520103,NaN,NaN
17,2,0.6,left,\LEFT,39,93,0.6,23641.948362304,NaN,NaN
17,2,0.6,left,\LEFT,39,94,0.6,23642.0433725977,NaN,NaN
17,2,0.6,left,\LEFT,39,95,0.6,23642.1383828913,NaN,NaN
17,2,0.6,left,\LEFT,39,96,0.6,23642.233393185,NaN,NaN
17,2,0.6,left,\LEFT,39,97,0.6,23642.3284034786,NaN,NaN
17,2,0.6,left,\LEFT,39,98,0.6,23642.4234137723,NaN,NaN
17,2,0.6,left,\LEFT,39,99,0.6,23642.518424066,NaN,NaN
17,2,0.6,left,\LEFT,39,100,0.6,23642.6134343596,NaN,NaN
17,2,0.6,left,\LEFT,39,101,0.6,23642.7084446533,NaN,NaN
17,2,0.6,left,\LEFT,39,102,0.6,23642.803454947,NaN,NaN
17,2,0.6,left,\LEFT,39,103,0.6,23642.8984652406,NaN,NaN
17,2,0.6,left,\LEFT,39,104,0.6,23642.9934755343,NaN,NaN
17,2,0.6,left,\LEFT,39,105,0.6,23643.0884858279,NaN,NaN
17,2,0.6,left,\LEFT,39,106,0.6,23643.1834961216,NaN,NaN
17,2,0.6,left,\LEFT,39,107,0.6,23643.2785064153,NaN,NaN
17,2,0.6,left,\LEFT,39,108,0.6,23643.3735167089,NaN,NaN
17,2,0.6,left,\LEFT,39,109,0.6,23643.4685270026,NaN,NaN
17,2,0.6,left,\LEFT,39,110,0.6,23643.5635372963,NaN,NaN
17,2,0.6,left,\LEFT,39,111,0.6,23643.6585475899,NaN,NaN
17,2,0.6,left,\LEFT,39,112,0.6,23643.7535578836,NaN,NaN
17,2,0.6,left,\LEFT,39,113,0.6,23643.8485681772,NaN,NaN
17,2,0.6,left,\LEFT,39,114,0.6,23643.9435784709,NaN,NaN
17,2,0.6,left,\LEFT,39,115,0.6,23644.0385887646,NaN,NaN
17,2,0.6,left,\LEFT,39,116,0.6,23644.1335990582,NaN,NaN
17,2,0.6,left,\LEFT,39,117,0.6,23644.2286093519,NaN,NaN
17,2,0.6,left,\LEFT,39,118,0.6,23644.3236196456,NaN,NaN
17,2,0.6,left,\LEFT,39,119,0.6,23644.4186299392,NaN,NaN
17,2,0.6,left,\LEFT,39,120,0.6,23644.5136402329,NaN,NaN
17,2,0.6,left,\LEFT,39,121,0.6,23644.6086505266,NaN,NaN
17,2,0.6,left,\LEFT,39,122,0.6,23644.7036608202,NaN,NaN
17,2,0.6,left,\LEFT,39,123,0.6,23644.7986711139,NaN,NaN
17,2,0.6,left,\LEFT,39,124,0.6,23644.8936814075,NaN,NaN
17,2,0.6,left,\LEFT,39,125,0.6,23644.9886917012,NaN,NaN
17,2,0.6,left,\LEFT,39,126,0.6,23645.0837019949,NaN,NaN
17,2,0.6,left,\LEFT,39,127,0.6,23645.1787122885,NaN,NaN
17,2,0.6,left,\LEFT,39,128,0.6,23645.2737225822,NaN,NaN
17,2,0.6,left,\LEFT,39,129,0.6,23645.3687328759,NaN,NaN
17,2,0.6,left,\LEFT,39,130,0.6,23645.4637431695,NaN,NaN
17,2,0.6,left,\LEFT,39,131,0.6,23645.5587534632,NaN,NaN
17,2,0.6,left,\LEFT,39,132,0.6,23645.6537637568,NaN,NaN
17,2,0.6,left,\LEFT,39,133,0.6,23645.7487740505,NaN,NaN
17,2,0.6,left,\LEFT,39,134,0.6,23645.8437843442,NaN,NaN
17,2,0.6,left,\LEFT,39,135,0.6,23645.9387946378,NaN,NaN
17,2,0.6,left,\LEFT,39,136,0.6,23646.0338049315,NaN,NaN
17,2,0.6,left,\LEFT,39,137,0.6,23646.1288152252,NaN,NaN
17,2,0.6,left,\LEFT,39,138,0.6,23646.2238255188,NaN,NaN
17,2,0.6,left,\LEFT,39,139,0.6,23646.3188358125,NaN,NaN
17,2,0.6,left,\LEFT,39,140,0.6,23646.4138461062,NaN,NaN
17,2,0.6,left,\LEFT,39,141,0.6,23646.5088563998,NaN,NaN
17,2,0.6,left,\LEFT,39,142,0.6,23646.6038666935,NaN,NaN
17,2,0.6,left,\LEFT,39,143,0.6,23646.6988769871,NaN,NaN
17,2,0.6,left,\LEFT,39,144,0.6,23646.7938872808,NaN,NaN
17,2,0.6,left,\LEFT,39,145,0.6,23646.8888975745,NaN,NaN
17,2,0.6,left,\LEFT,39,146,0.6,23646.9839078681,NaN,NaN
17,2,0.6,left,\LEFT,39,147,0.6,23647.0789181618,NaN,NaN
17,2,0.6,left,\LEFT,39,148,0.6,23647.1739284555,NaN,NaN
17,2,0.6,left,\LEFT,39,149,0.6,23647.2689387491,NaN,NaN
17,2,0.6,left,\LEFT,39,150,0.6,23647.3639490428,NaN,NaN
17,2,0.6,left,\LEFT,39,151,0.6,23647.4589593364,NaN,NaN
17,2,0.6,left,\LEFT,39,152,0.6,23647.5539696301,NaN,NaN
17,2,0.6,left,\LEFT,39,153,0.6,23647.6489799238,NaN,NaN
17,2,0.6,left,\LEFT,39,154,0.6,23647.7439902174,NaN,NaN
17,2,0.6,left,\LEFT,39,155,0.6,23647.8390005111,NaN,NaN
17,2,0.6,left,\LEFT,39,156,0.6,23647.9340108048,NaN,NaN
17,2,0.6,left,\LEFT,39,157,0.6,23648.0290210984,NaN,NaN
17,2,0.6,left,\LEFT,39,158,0.6,23648.1240313921,NaN,NaN
17,2,0.6,left,\LEFT,39,159,0.6,23648.2190416857,NaN,NaN
17,2,0.6,left,\LEFT,39,160,0.6,23648.3140519794,NaN,NaN
17,2,0.6,left,\LEFT,39,161,0.6,23648.4090622731,NaN,NaN
17,2,0.6,left,\LEFT,39,162,0.6,23648.5040725667,NaN,NaN
17,2,0.6,left,\LEFT,39,163,0.6,23648.5990828604,NaN,NaN
17,2,0.6,left,\LEFT,39,164,0.6,23648.6940931541,NaN,NaN
17,2,0.6,left,\LEFT,39,165,0.6,23648.7891034477,NaN,NaN
17,2,0.6,left,\LEFT,39,166,0.6,23648.8841137414,NaN,NaN
17,2,0.6,left,\LEFT,39,167,0.6,23648.9791240351,NaN,NaN
17,2,0.6,left,\LEFT,39,168,0.6,23649.0741343287,NaN,NaN
17,2,0.6,left,\LEFT,39,169,0.6,23649.1691446224,NaN,NaN
17,2,0.6,left,\LEFT,39,170,0.6,23649.264154916,NaN,NaN
17,2,0.6,left,\LEFT,39,171,0.6,23649.3591652097,NaN,NaN
17,2,0.6,left,\LEFT,39,172,0.6,23649.4541755034,NaN,NaN
17,2,0.6,left,\LEFT,39,173,0.6,23649.549185797,NaN,NaN
17,2,0.6,left,\LEFT,39,174,0.6,23649.6441960907,NaN,NaN
17,2,0.6,left,\LEFT,39,175,0.6,23649.7392063844,NaN,NaN
17,2,0.6,left,\LEFT,39,176,0.6,23649.834216678,NaN,NaN
17,2,0.6,left,\LEFT,39,177,0.6,23649.9292269717,NaN,NaN
17,2,0.6,left,\LEFT,39,178,0.6,23650.0242372653,NaN,NaN
17,2,0.6,left,\LEFT,39,179,0.6,23650.119247559,NaN,NaN
17,2,0.6,left,\LEFT,39,180,0.6,23650.2142578527,NaN,NaN
17,2,0.6,left,\LEFT,39,181,0.6,23650.3092681463,NaN,NaN
17,2,0.6,left,\LEFT,39,182,0.6,23650.40427844,NaN,NaN
17,2,0.6,left,\LEFT,39,183,0.6,23650.4992887337,NaN,NaN
17,2,0.6,left,\LEFT,39,184,0.6,23650.5942990273,NaN,NaN
17,2,0.6,left,\LEFT,39,185,0.6,23650.689309321,NaN,NaN
17,2,0.6,left,\LEFT,39,186,0.6,23650.7843196147,NaN,NaN
17,2,0.6,left,\LEFT,39,187,0.6,23650.8793299083,NaN,NaN
17,2,0.6,left,\LEFT,39,188,0.6,23650.974340202,NaN,NaN
17,2,0.6,left,\LEFT,39,189,0.6,23651.0693504956,NaN,NaN
17,2,0.6,left,\LEFT,39,190,0.6,23651.1643607893,NaN,NaN
17,2,0.6,left,\LEFT,39,191,0.6,23651.259371083,NaN,NaN
17,2,0.6,left,\LEFT,39,192,0.6,23651.3543813766,NaN,NaN
17,2,0.6,left,\LEFT,39,193,0.6,23651.4493916703,NaN,NaN
17,2,0.6,left,\LEFT,39,194,0.6,23651.544401964,NaN,NaN
17,2,0.6,left,\LEFT,39,195,0.6,23651.6394122576,NaN,NaN
17,2,0.6,left,\LEFT,39,196,0.6,23651.7344225513,NaN,NaN
17,2,0.6,left,\LEFT,39,197,0.6,23651.8294328449,NaN,NaN
17,2,0.6,left,\LEFT,39,198,0.6,23651.9244431386,NaN,NaN
17,2,0.6,left,\LEFT,39,199,0.6,23652.0194534323,NaN,NaN
17,2,0.6,left,\LEFT,39,200,0.6,23652.1144637259,NaN,NaN
17,2,0.6,left,\LEFT,39,201,0.6,23652.2094740196,NaN,NaN
17,2,0.6,left,\LEFT,39,202,0.6,23652.3044843133,NaN,NaN
17,4,0.6,right,\LEFT,40,1,0,23638.6410204321,23638.6410204321,-0.000436521844676463
17,4,0.6,right,\LEFT,40,2,0,23638.7360307257,23638.6710847396,0.0195859242085135
17,4,0.6,right,\LEFT,40,3,0,23638.8310410194,23638.7410855727,-0.000354026225977577
17,4,0.6,right,\LEFT,40,4,0,23638.9260513131,23638.841189351,-0.000189319096534746
17,4,0.6,right,\LEFT,40,5,0.015,23639.0210616067,23638.9312579086,-0.000245127044763649
17,4,0.6,right,\LEFT,40,6,0.03,23639.1160719004,23639.0312777708,0.00970617746133939
17,4,0.6,right,\LEFT,40,7,0.045,23639.211082194,23639.1213378765,-0.000253579026320949
17,4,0.6,right,\LEFT,40,8,0.06,23639.3060924877,23639.2214591624,0.00980760125457891
17,4,0.6,right,\LEFT,40,9,0.075,23639.4011027814,23639.3114730841,-0.000299763076327508
17,4,0.6,right,\LEFT,40,10,0.09,23639.496113075,23639.411535508,0.00974873923041741
17,4,0.6,right,\LEFT,40,11,0.105,23639.5911233687,23639.5016019526,-0.000247240041062469
17,4,0.6,right,\LEFT,40,12,0.12,23639.6861336624,23639.6016839973,0.00976835990877589
17,4,0.6,right,\LEFT,40,13,0.135,23639.781143956,23639.6917377639,-0.000259918015217409
17,4,0.6,right,\LEFT,40,14,0.15,23639.8761542497,23639.791785095,0.00973364640231011
17,4,0.6,right,\LEFT,40,15,0.165,23639.9711645433,23639.8818859514,-0.000212828392250231
17,4,0.6,right,\LEFT,40,16,0.18,23640.066174837,23639.9819284528,0.00972881669804337
17,4,0.6,right,\LEFT,40,17,0.195,23640.1611851307,23640.0719879547,-0.00025418273799005
17,4,0.6,right,\LEFT,40,18,0.21,23640.2561954243,23640.1720425304,0.00974089096052921
17,4,0.6,right,\LEFT,40,19,0.225,23640.351205718,23640.262113201,-0.000243014048464829
17,4,0.6,right,\LEFT,40,20,0.24,23640.4462160117,23640.3621813602,0.00975447450400679
17,4,0.6,right,\LEFT,40,21,0.255,23640.5412263053,23640.4522532383,-0.000241806621488649
17,4,0.6,right,\LEFT,40,22,0.27,23640.636236599,23640.5419668127,-0.000600110332015902
17,4,0.6,right,\LEFT,40,23,0.285,23640.7312468927,23640.6423283764,6.84663864376489e-05
17,4,0.6,right,\LEFT,40,24,0.3,23640.8262571863,23640.7323860673,-0.00025599387663533
17,4,0.6,right,\LEFT,40,25,0.315,23640.92126748,23640.8325037309,-0.000175433695403626
17,4,0.6,right,\LEFT,40,26,0.33,23641.0162777736,23640.9225526679,-0.000264747719484149
17,4,0.6,right,\LEFT,40,27,0.345,23641.1112880673,23641.0225827932,-0.000262972091150004
17,4,0.6,right,\LEFT,40,28,0.36,23641.206298361,23641.112678518,-0.00021795995417051
17,4,0.6,right,\LEFT,40,29,0.375,23641.3013086546,23641.212746979,-0.000224636311031645
17,4,0.6,right,\LEFT,40,30,0.39,23641.3963189483,23641.3027941049,-0.000266558858129429
17,4,0.6,right,\LEFT,40,31,0.405,23641.491329242,23641.4028649808,-0.000222221460717265
17,4,0.6,right,\LEFT,40,32,0.42,23641.5863395356,23641.4929371607,-0.00024150476383511
17,4,0.6,right,\LEFT,40,33,0.435,23641.6813498293,23641.5930252425,-0.000205015636311146
17,4,0.6,right,\LEFT,40,34,0.45,23641.7763601229,23641.693044199,0.00970527188837877
17,4,0.6,right,\LEFT,40,35,0.465,23641.8713704166,23641.7830765339,-0.000281349828583188
17,4,0.6,right,\LEFT,40,36,0.48,23641.9663807103,23641.8731734661,-0.00021675252719433
17,4,0.6,right,\LEFT,40,37,0.495,23642.0613910039,23641.9732455494,-0.000221014033741085
17,4,0.6,right,\LEFT,40,38,0.51,23642.1564012976,23642.0632691305,-0.000290103667794028
17,4,0.6,right,\LEFT,40,39,0.525,23642.2514115913,23642.1633532881,-0.000208939771255245
17,4,0.6,right,\LEFT,40,40,0.54,23642.3464218849,23642.2534245624,-0.00024241033315775
17,4,0.6,right,\LEFT,40,41,0.555,23642.4414321786,23642.3534574044,-0.000260255383182084
17,4,0.6,right,\LEFT,40,42,0.57,23642.5364424723,23642.4435166045,-0.000254484595643589
17,4,0.6,right,\LEFT,40,43,0.585,23642.6314527659,23642.5436279292,-0.000181772684300086
17,4,0.6,right,\LEFT,40,44,0.6,23642.7264630596,23642.6336777718,-0.000263842150161508
17,4,0.6,right,\LEFT,40,45,0.6,23642.8214733532,23642.7337456291,-0.000225240022700746
17,4,0.6,right,\LEFT,40,46,0.6,23642.9164836469,23642.8238054329,-0.000253880883974489
17,4,0.6,right,\LEFT,40,47,0.6,23643.0114939406,23642.923865442,-0.000233088292588945
17,4,0.6,right,\LEFT,40,48,0.6,23643.1065042342,23643.0139294718,-0.000249654891376849
17,4,0.6,right,\LEFT,40,49,0.6,23643.2015145279,23643.1140066867,-0.000215882471820805
17,4,0.6,right,\LEFT,40,50,0.6,23643.2965248216,23643.2040628683,-0.000257503161265049
17,4,0.6,right,\LEFT,40,51,0.6,23643.3915351152,23643.3040821267,-0.000273838926659664
17,4,0.6,right,\LEFT,40,52,0.6,23643.4865454089,23643.3941358934,-0.000259918015217409
17,4,0.6,right,\LEFT,40,53,0.6,23643.5815557025,23643.4942272956,-0.000201695213036146
17,4,0.6,right,\LEFT,40,54,0.6,23643.6765659962,23643.5842695917,-0.000271388562396169
17,4,0.6,right,\LEFT,40,55,0.6,23643.7715762899,23643.6843603901,-0.000202298928343225
17,4,0.6,right,\LEFT,40,56,0.6,23643.8665865835,23643.7844267382,0.00975266336536151
17,4,0.6,right,\LEFT,40,57,0.6,23643.9615968772,23643.8744847309,-0.000255692022619769
17,4,0.6,right,\LEFT,40,58,0.6,23644.0566071709,NaN,NaN
17,4,0.6,right,\LEFT,40,59,0.6,23644.1516174645,NaN,NaN
17,4,0.6,right,\LEFT,40,60,0.6,23644.2466277582,NaN,NaN
17,4,0.6,right,\LEFT,40,61,0.6,23644.3416380519,NaN,NaN
17,4,0.6,right,\LEFT,40,62,0.6,23644.4366483455,NaN,NaN
17,4,0.6,right,\LEFT,40,63,0.6,23644.5316586392,NaN,NaN
17,4,0.6,right,\LEFT,40,64,0.6,23644.6266689328,NaN,NaN
17,4,0.6,right,\LEFT,40,65,0.6,23644.7216792265,NaN,NaN
17,4,0.6,right,\LEFT,40,66,0.6,23644.8166895202,NaN,NaN
17,4,0.6,right,\LEFT,40,67,0.6,23644.9116998138,NaN,NaN
17,4,0.6,right,\LEFT,40,68,0.6,23645.0067101075,NaN,NaN
17,4,0.6,right,\LEFT,40,69,0.6,23645.1017204012,NaN,NaN
17,4,0.6,right,\LEFT,40,70,0.6,23645.1967306948,NaN,NaN
17,4,0.6,right,\LEFT,40,71,0.6,23645.2917409885,NaN,NaN
17,4,0.6,right,\LEFT,40,72,0.6,23645.3867512821,NaN,NaN
17,4,0.6,right,\LEFT,40,73,0.6,23645.4817615758,NaN,NaN
17,4,0.6,right,\LEFT,40,74,0.6,23645.5767718695,NaN,NaN
17,4,0.6,right,\LEFT,40,75,0.6,23645.6717821631,NaN,NaN
17,4,0.6,right,\LEFT,40,76,0.6,23645.7667924568,NaN,NaN
17,4,0.6,right,\LEFT,40,77,0.6,23645.8618027505,NaN,NaN
17,4,0.6,right,\LEFT,40,78,0.6,23645.9568130441,NaN,NaN
17,4,0.6,right,\LEFT,40,79,0.6,23646.0518233378,NaN,NaN
17,4,0.6,right,\LEFT,40,80,0.6,23646.1468336314,NaN,NaN
17,4,0.6,right,\LEFT,40,81,0.6,23646.2418439251,NaN,NaN
17,4,0.6,right,\LEFT,40,82,0.6,23646.3368542188,NaN,NaN
17,4,0.6,right,\LEFT,40,83,0.6,23646.4318645124,NaN,NaN
17,4,0.6,right,\LEFT,40,84,0.6,23646.5268748061,NaN,NaN
17,4,0.6,right,\LEFT,40,85,0.6,23646.6218850998,NaN,NaN
17,4,0.6,right,\LEFT,40,86,0.6,23646.7168953934,NaN,NaN
17,4,0.6,right,\LEFT,40,87,0.6,23646.8119056871,NaN,NaN
17,4,0.6,right,\LEFT,40,88,0.6,23646.9069159808,NaN,NaN
17,4,0.6,right,\LEFT,40,89,0.6,23647.0019262744,NaN,NaN
17,4,0.6,right,\LEFT,40,90,0.6,23647.0969365681,NaN,NaN
17,4,0.6,right,\LEFT,40,91,0.6,23647.1919468617,NaN,NaN
17,4,0.6,right,\LEFT,40,92,0.6,23647.2869571554,NaN,NaN
17,4,0.6,right,\LEFT,40,93,0.6,23647.3819674491,NaN,NaN
17,4,0.6,right,\LEFT,40,94,0.6,23647.4769777427,NaN,NaN
17,4,0.6,right,\LEFT,40,95,0.6,23647.5719880364,NaN,NaN
17,4,0.6,right,\LEFT,40,96,0.6,23647.6669983301,NaN,NaN
17,4,0.6,right,\LEFT,40,97,0.6,23647.7620086237,NaN,NaN
17,4,0.6,right,\LEFT,40,98,0.6,23647.8570189174,NaN,NaN
17,4,0.6,right,\LEFT,40,99,0.6,23647.952029211,NaN,NaN
17,4,0.6,right,\LEFT,40,100,0.6,23648.0470395047,NaN,NaN
17,4,0.6,right,\LEFT,40,101,0.6,23648.1420497984,NaN,NaN
17,4,0.6,right,\LEFT,40,102,0.6,23648.237060092,NaN,NaN
17,4,0.6,right,\LEFT,40,103,0.6,23648.3320703857,NaN,NaN
17,4,0.6,right,\LEFT,40,104,0.6,23648.4270806794,NaN,NaN
17,4,0.6,right,\LEFT,40,105,0.6,23648.522090973,NaN,NaN
17,4,0.6,right,\LEFT,40,106,0.6,23648.6171012667,NaN,NaN
17,4,0.6,right,\LEFT,40,107,0.6,23648.7121115604,NaN,NaN
17,4,0.6,right,\LEFT,40,108,0.6,23648.807121854,NaN,NaN
17,4,0.6,right,\LEFT,40,109,0.6,23648.9021321477,NaN,NaN
17,4,0.6,right,\LEFT,40,110,0.6,23648.9971424413,NaN,NaN
17,4,0.6,right,\LEFT,40,111,0.6,23649.092152735,NaN,NaN
17,4,0.6,right,\LEFT,40,112,0.6,23649.1871630287,NaN,NaN
17,4,0.6,right,\LEFT,40,113,0.6,23649.2821733223,NaN,NaN
17,4,0.6,right,\LEFT,40,114,0.6,23649.377183616,NaN,NaN
17,4,0.6,right,\LEFT,40,115,0.6,23649.4721939097,NaN,NaN
17,4,0.6,right,\LEFT,40,116,0.6,23649.5672042033,NaN,NaN
17,4,0.6,right,\LEFT,40,117,0.6,23649.662214497,NaN,NaN
17,4,0.6,right,\LEFT,40,118,0.6,23649.7572247906,NaN,NaN
17,4,0.6,right,\LEFT,40,119,0.6,23649.8522350843,NaN,NaN
17,4,0.6,right,\LEFT,40,120,0.6,23649.947245378,NaN,NaN
17,4,0.6,right,\LEFT,40,121,0.6,23650.0422556716,NaN,NaN
17,4,0.6,right,\LEFT,40,122,0.6,23650.1372659653,NaN,NaN
17,4,0.6,right,\LEFT,40,123,0.6,23650.232276259,NaN,NaN
17,4,0.6,right,\LEFT,40,124,0.6,23650.3272865526,NaN,NaN
17,4,0.6,right,\LEFT,40,125,0.6,23650.4222968463,NaN,NaN
17,4,0.6,right,\LEFT,40,126,0.6,23650.5173071399,NaN,NaN
17,4,0.6,right,\LEFT,40,127,0.6,23650.6123174336,NaN,NaN
17,4,0.6,right,\LEFT,40,128,0.6,23650.7073277273,NaN,NaN
17,4,0.6,right,\LEFT,40,129,0.6,23650.8023380209,NaN,NaN
17,4,0.6,right,\LEFT,40,130,0.6,23650.8973483146,NaN,NaN
17,4,0.6,right,\LEFT,40,131,0.6,23650.9923586083,NaN,NaN
17,4,0.6,right,\LEFT,40,132,0.6,23651.0873689019,NaN,NaN
17,4,0.6,right,\LEFT,40,133,0.6,23651.1823791956,NaN,NaN
17,4,0.6,right,\LEFT,40,134,0.6,23651.2773894893,NaN,NaN
17,4,0.6,right,\LEFT,40,135,0.6,23651.3723997829,NaN,NaN
17,4,0.6,right,\LEFT,40,136,0.6,23651.4674100766,NaN,NaN
17,4,0.6,right,\LEFT,40,137,0.6,23651.5624203702,NaN,NaN
17,4,0.6,right,\LEFT,40,138,0.6,23651.6574306639,NaN,NaN
17,4,0.6,right,\LEFT,40,139,0.6,23651.7524409576,NaN,NaN
17,4,0.6,right,\LEFT,40,140,0.6,23651.8474512512,NaN,NaN
17,4,0.6,right,\LEFT,40,141,0.6,23651.9424615449,NaN,NaN
17,4,0.6,right,\LEFT,40,142,0.6,23652.0374718386,NaN,NaN
17,4,0.6,right,\LEFT,40,143,0.6,23652.1324821322,NaN,NaN
17,4,0.6,right,\LEFT,40,144,0.6,23652.2274924259,NaN,NaN
17,4,0.6,right,\LEFT,40,145,0.6,23652.3225027195,NaN,NaN
17,4,0.6,right,\LEFT,40,146,0.6,23652.4175130132,NaN,NaN
17,4,0.6,right,\LEFT,40,147,0.6,23652.5125233069,NaN,NaN
17,4,0.6,right,\LEFT,40,148,0.6,23652.6075336005,NaN,NaN
17,4,0.6,right,\LEFT,40,149,0.6,23652.7025438942,NaN,NaN
17,4,0.6,right,\LEFT,40,150,0.6,23652.7975541879,NaN,NaN
17,4,0.6,right,\LEFT,40,151,0.6,23652.8925644815,NaN,NaN
17,4,0.6,right,\LEFT,40,152,0.6,23652.9875747752,NaN,NaN
17,4,0.6,right,\LEFT,40,153,0.6,23653.0825850689,NaN,NaN
17,4,0.6,right,\LEFT,40,154,0.6,23653.1775953625,NaN,NaN
17,4,0.6,right,\LEFT,40,155,0.6,23653.2726056562,NaN,NaN
17,4,0.6,right,\LEFT,40,156,0.6,23653.3676159498,NaN,NaN
17,4,0.6,right,\LEFT,40,157,0.6,23653.4626262435,NaN,NaN
17,4,0.6,right,\LEFT,40,158,0.6,23653.5576365372,NaN,NaN
17,4,0.6,right,\LEFT,40,159,0.6,23653.6526468308,NaN,NaN
17,4,0.6,right,\LEFT,40,160,0.6,23653.7476571245,NaN,NaN
17,4,0.6,right,\LEFT,40,161,0.6,23653.8426674182,NaN,NaN
17,4,0.6,right,\LEFT,40,162,0.6,23653.9376777118,NaN,NaN
17,4,0.6,right,\LEFT,40,163,0.6,23654.0326880055,NaN,NaN
17,4,0.6,right,\LEFT,40,164,0.6,23654.1276982991,NaN,NaN
17,4,0.6,right,\LEFT,40,165,0.6,23654.2227085928,NaN,NaN
17,4,0.6,right,\LEFT,40,166,0.6,23654.3177188865,NaN,NaN
17,4,0.6,right,\LEFT,40,167,0.6,23654.4127291801,NaN,NaN
17,4,0.6,right,\LEFT,40,168,0.6,23654.5077394738,NaN,NaN
17,4,0.6,right,\LEFT,40,169,0.6,23654.6027497675,NaN,NaN
17,4,0.6,right,\LEFT,40,170,0.6,23654.6977600611,NaN,NaN
17,4,0.6,right,\LEFT,40,171,0.6,23654.7927703548,NaN,NaN
17,4,0.6,right,\LEFT,40,172,0.6,23654.8877806485,NaN,NaN
17,4,0.6,right,\LEFT,40,173,0.6,23654.9827909421,NaN,NaN
17,4,0.6,right,\LEFT,40,174,0.6,23655.0778012358,NaN,NaN
17,4,0.6,right,\LEFT,40,175,0.6,23655.1728115294,NaN,NaN
17,4,0.6,right,\LEFT,40,176,0.6,23655.2678218231,NaN,NaN
17,4,0.6,right,\LEFT,40,177,0.6,23655.3628321168,NaN,NaN
17,4,0.6,right,\LEFT,40,178,0.6,23655.4578424104,NaN,NaN
17,4,0.6,right,\LEFT,40,179,0.6,23655.5528527041,NaN,NaN
17,4,0.6,right,\LEFT,40,180,0.6,23655.6478629978,NaN,NaN
17,4,0.6,right,\LEFT,40,181,0.6,23655.7428732914,NaN,NaN
17,4,0.6,right,\LEFT,40,182,0.6,23655.8378835851,NaN,NaN
17,4,0.6,right,\LEFT,40,183,0.6,23655.9328938787,NaN,NaN
17,4,0.6,right,\LEFT,40,184,0.6,23656.0279041724,NaN,NaN
17,4,0.6,right,\LEFT,40,185,0.6,23656.1229144661,NaN,NaN
17,4,0.6,right,\LEFT,40,186,0.6,23656.2179247597,NaN,NaN
17,4,0.6,right,\LEFT,40,187,0.6,23656.3129350534,NaN,NaN
17,4,0.6,right,\LEFT,40,188,0.6,23656.4079453471,NaN,NaN
17,4,0.6,right,\LEFT,40,189,0.6,23656.5029556407,NaN,NaN
17,4,0.6,right,\LEFT,40,190,0.6,23656.5979659344,NaN,NaN
17,4,0.6,right,\LEFT,40,191,0.6,23656.692976228,NaN,NaN
17,4,0.6,right,\LEFT,40,192,0.6,23656.7879865217,NaN,NaN
17,4,0.6,right,\LEFT,40,193,0.6,23656.8829968154,NaN,NaN
17,4,0.6,right,\LEFT,40,194,0.6,23656.978007109,NaN,NaN
17,4,0.6,right,\LEFT,40,195,0.6,23657.0730174027,NaN,NaN
17,4,0.6,right,\LEFT,40,196,0.6,23657.1680276964,NaN,NaN
17,4,0.6,right,\LEFT,40,197,0.6,23657.26303799,NaN,NaN
17,4,0.6,right,\LEFT,40,198,0.6,23657.3580482837,NaN,NaN
17,4,0.6,right,\LEFT,40,199,0.6,23657.4530585774,NaN,NaN
17,4,0.6,right,\LEFT,40,200,0.6,23657.548068871,NaN,NaN
17,4,0.6,right,\LEFT,40,201,0.6,23657.6430791647,NaN,NaN
17,4,0.6,right,\LEFT,40,202,0.6,23657.7380894583,NaN,NaN
